0.020067
4
-2.0 -0.998983237839 0.00943421792748 0.0495013702442
-5.04295233852e-21 -0.0406965972347 -0.204677433723 -0.294651983476
0.1 -1.0373790927e-14 1.48197436987e-12 -4.10293081607e-11
-3.14159265359 0.0194141685093 0.061097481921 0.0876819318866
0.010033
4
-2.02004200822 -0.998544814317 0.0124141920061 0.0547319556612
-0.000901440817454 -0.0492669032413 -0.222415433068 -0.291045269065
0.1 -4.61058962566e-16 -9.87983010734e-13 6.14485679603e-11
-3.1411777665 0.021972127542 0.0663759193238 0.086564427632
0.010033
4
-2.03005940622 -0.998279174476 0.0140616189403 0.0587187260553
-0.00141843449649 -0.0538179223539 -0.231175869444 -0.288459467164
0.1 -1.72896411236e-15 8.61613348438e-13 -4.46551885051e-11
-3.14095054417 0.023330209592 0.0689815007962 0.0857615053095
0.010033
4
-2.04007396775 -0.997979272399 0.0158290470653 0.0632011952727
-0.00198196912794 -0.0585439521307 -0.239858472243 -0.285765991475
0.1 2.07475825694e-15 -4.82503620651e-13 1.37400609723e-11
-3.14070943434 0.0247403341427 0.0715629140304 0.0849226940027
0.010033
4
-2.05008533631 -0.997642550383 0.0177313968043 0.0677208909611
-0.00259379267934 -0.0634433980716 -0.248460000378 -0.283362371833
0.1 -3.45793231423e-15 -6.89291416983e-14 1.14500619664e-11
-3.14045391733 0.0262020053432 0.074119078737 0.084170290996
0.010033
4
-2.0600931287 -0.997266289786 0.0197697885963 0.0724107199504
-0.00325563719209 -0.0685147206851 -0.256989178372 -0.281217566927
0.1 -1.38317261388e-15 2.75716535555e-13 5.31648551711e-18
-3.14018347842 0.0277147425966 0.0766525957633 0.0834940341857
0.010033
4
-2.07009693418 -0.996847709349 0.0219493433537 0.0772468641355
-0.00396922010489 -0.0737565461678 -0.265453796405 -0.27939267086
0.1 4.14952071827e-15 2.7571669558e-13 -3.66402406414e-11
-3.13989760746 0.029278114394 0.0791657570681 0.0829123702725
0.010033
4
-2.08009631362 -0.996383932248 0.0242744650568 0.0822483032496
-0.00473624591486 -0.0791676754807 -0.273863483581 -0.277898789854
0.1 -1.3831754788e-15 -8.27150322729e-13 5.03803542597e-11
-3.13959579838 0.0308917407871 0.0816614098526 0.0824284966264
0.010033
4
-2.09009079856 -0.99587198756 0.0267501289631 0.087422256373
-0.00555840806554 -0.0847471061534 -0.282228203295 -0.27673300525
0.1 -2.76634635877e-15 6.8929220189e-13 -3.43502626252e-11
-3.13927754864 0.032555299924 0.0841424975576 0.0820415039226
0.010033
4
-2.10007989023 -0.995308802351 0.029381527612 0.0927774434495
-0.00643739093829 -0.0904940347561 -0.290557831085 -0.275867361562
0.1 6.91586293395e-16 -3.44646275709e-13 2.51902155416e-11
-3.13894235863 0.0342685287404 0.0866119362513 0.0817429862216
0.010033
4
-2.11006305849 -0.994691196859 0.0321741160001 0.098319353757
-0.00737487181505 -0.0964078475756 -0.298861401025 -0.275250559356
0.1 1.38317579923e-15 4.13575774816e-13 -4.3510412484e-11
-3.13858973111 0.036031220146 0.0890723889825 0.0815175937564
0.010033
4
-2.12003974074 -0.994015880211 0.0351335143372 0.104048973812
-0.00837252267322 -0.102488096679 -0.307146403077 -0.27480897129
0.1 -3.45794024471e-15 -8.96081351987e-13 7.09907280671e-11
-3.13821917063 0.0378432158505 0.0915260567721 0.0813433065861
0.010033
4
-2.13000934079 -0.99327944846 0.0382653725132 0.1099649676
-0.00943201167085 -0.108734462188 -0.315418111024 -0.274438887118
0.1 3.78638517833e-21 1.24072869014e-12 -6.41207028983e-11
-3.13783018318 0.0397043950776 0.093974477842 0.0811891313978
0.010033
4
-2.13997122773 -0.992478384697 0.0415753001894 0.11601744785
-0.0105550041777 -0.115146698716 -0.323678676982 -0.273809456885
0.1 5.53270141142e-15 -6.89294059603e-13 2.74803224853e-11
-3.13742227579 0.0416146585548 0.0964182575192 0.0809453453774
0.010033
4
-2.14992473486 -0.991609074519 0.0450674054139 0.121154621062
-0.0117431629788 -0.121724504141 -0.331920294537 -0.265293625091
0.1 4.64964661709e-22 1.37858920396e-13 -9.16011957272e-12
-3.13699495658 0.0435738860173 0.0988546984919 0.0779824345172
0.010033
4
-2.15986915987 -0.990668138735 0.0487141374314 0.109384919125
-0.0129981393347 -0.12846511632 -0.339905584311 -0.14639260809
0.1 -4.30197506633e-22 -1.37859009615e-13 4.58006290932e-12
-3.13654773778 0.0455811089618 0.101201955561 0.0368334503763
0.010033
4
-2.16980378563 -0.989657580438 0.0520066024523 -0.0216585920179
-0.0143214293909 -0.135330055272 -0.34431197365 0.693695638316
0.1 -1.38317695771e-15 2.78922066686e-21 -2.29002860102e-12
-3.13608018539 0.0476230055723 0.102310635331 -0.253608839953
0.010033
4
-2.17972807137 -0.988620529016 0.0513546831135 -0.490419607741
-0.0157131920535 -0.142029707864 -0.323431872047 3.34470648244
0.1 -2.07476408994e-15 -6.89294054718e-14 9.16010207658e-12
-3.13559232794 0.0495994357975 0.0946770593749 -1.1690565036
0.010033
4
-2.18964249747 -0.98773812442 0.0365931404912 -0.948592387127
-0.0171673955784 -0.147509768405 -0.222756804166 5.66433390226
0.1 -6.91590748805e-16 2.0678803138e-13 -1.37401028533e-11
-3.13508633317 0.0511462227464 0.0594886673665 -1.96329990799
0.010033
4
-2.19955003768 -0.987290300782 0.00804062492665 -0.329710256796
-0.0186641074333 -0.150269102988 -0.0522610421275 1.92394814461
0.1 -6.9158435971e-16 -2.0678739459e-13 1.83200748619e-11
-3.13456916257 0.0517470388565 0.00039357874742 -0.656733893666
0.010033
4
-2.20945534591 -0.987228525731 -0.0018836257093 0.722071718078
-0.0201751209031 -0.150736769468 0.00564963309159 -4.218362425
0.1 6.9158601988e-16 3.44645297754e-13 -1.60300577364e-11
-3.13405059245 0.0515566019455 -0.0193740554936 1.47959300962
0.010033
4
-2.21935997147 -0.987048256866 0.0198506723861 0.870468254238
-0.0216912008569 -0.151897352888 -0.121322721764 -4.86332600294
0.1 2.76634517383e-15 -1.37858094369e-13 -9.16011379636e-12
-3.13353376522 0.0516146698446 0.0251615698823 1.6607030202
0.010033
4
-2.22926044166 -0.98638703913 0.0460516703036 0.579671549187
-0.0232323572818 -0.155800616376 -0.267708295109 -2.86188458025
0.1 -2.76636157623e-15 -4.13576503782e-13 2.97704750132e-11
-3.13301168966 0.052621110972 0.0751485466182 0.805961647897
0.010033
4
-2.23915190906 -0.985287880754 0.0634996760119 1.67690176491
-0.0248253869416 -0.162036884261 -0.353850488154 -9.16369003622
0.1 -2.07474061869e-15 4.82509251503e-13 -1.3739380773e-11
-3.1324753488 0.0543724825733 0.0994078421674 0.357039936268
0.010033
4
-2.24902944634 -0.983507246797 0.113973916022 8.92947647291
-0.0264960167968 -0.171904823047 -0.6296748089 -44.7184811956
0.1 3.45825911103e-15 6.89580124055e-14 -6.87059098636e-12
-3.13191944942 0.0564750718242 0.110154637128 1.99786042747
0.010029
4
-2.25887642708 -0.978523737965 0.382740679998 40.2295869111
-0.0283292728481 -0.198043882422 -1.97564862017 -146.492104912
0.1 2.76718301001e-15 -1.37838714325e-13 -2.25449854599e-14
-3.13133973246 0.0592887355063 0.170287891703 3.29271142997
0.010003
4
-2.2686113748 -0.958706385276 1.59317989101 153.058318047
-0.0306620582151 -0.281879801182 -6.38334458488 -220.003008857
0.1 -4.50721551785e-18 -1.38517054236e-13 2.25393272225e-12
-3.13072464934 0.0636981515504 0.269359926278 13.6253309708
0.009916
4
-2.27788912216 -0.880882319791 6.18652437686 415.433980636
-0.0343408456657 -0.475637799434 -12.9857273922 -184.97928867
0.1 -2.0991609379e-15 -7.08755854592e-14 4.75079802415e-12
-3.13004685233 0.0731776607596 0.678261838182 -23.390007339
0.009798
4
-2.28561042744 -0.635655790029 18.5445243701 361.032497264
-0.040514266669 -0.787726358995 -18.4883443054 678.901571602
0.1 -2.1034069133e-15 7.04473796499e-14 1.74207074846e-11
-3.12927735778 0.0797293471377 -0.0175255167572 74.5455493124
0.009748
4
-2.28971874626 -0.168263279481 29.1570067046 119.406656214
-0.0493689781629 -0.954497869561 1.46783966716 -498.890017734
0.1 4.29460099725e-15 5.82525798726e-13 -6.05553074068e-11
-3.12842770608 0.100856391617 2.1737268807 -316.42924094
0.009677
4
-2.28847798752 0.434188429305 32.648756059 -462.08166979
-0.0589955271008 -1.06808659426 -13.1209525542 5302.8230938
0.1 -1.60982160312e-15 -1.18826288466e-12 8.06612820733e-11
-3.12753113428 0.0530377965452 -7.07945575422 1358.68391818
0.005983
4
-2.28163756896 0.936264342281 19.2338514997 -10497.5735766
-0.0657546802811 0.167751414259 140.827733033 -10407.8322032
0.1 -1.94669443263e-15 1.15345173288e-12 -8.20328378966e-11
-3.1264495588 0.297731022066 32.3651192642 -3390.83439703
0.009548
4
-2.27759564841 0.0390300510967 -169.193055428 7228.3627325
-0.061938811296 0.735193357522 -45.988355043 797.503756439
0.1 3.04597477521e-15 -3.19002239317e-13 1.36521295839e-11
-3.1242358345 0.320863390799 -28.4988920878 1101.22980599
0.009990
4
-2.2863560624 -1.21494099974 37.8657783572 -1549.31036673
-0.0584174716128 0.0750908375432 -23.1435969894 637.875762769
0.1 6.88132566327e-16 7.20675139504e-14 -1.6297107102e-11
-3.12281172709 0.0778297936499 3.04619879872 -144.485395232
0.010030
4
-2.29625869282 -0.922241372111 -8.56559795486 386.096781582
-0.0593410219134 -0.196335513818 -4.02705958184 72.3003064391
0.1 -2.7510565226e-15 -4.16341476851e-13 3.44781100842e-11
-3.12187427876 0.0954346790481 -1.28389277084 56.4177609464
0.010033
4
-2.30598057235 -0.977544252779 3.05166767683 -118.521796478
-0.0616423547783 -0.255296665577 -1.85161574179 44.815992376
0.1 -6.97694352737e-16 6.21070339134e-13 -3.2086524423e-11
-3.12098933158 0.0867065465471 0.413661175543 -12.0421388168
0.010033
4
-2.31560071968 -0.952101013733 -0.515694105032 29.7125884646
-0.0643448505295 -0.278917434391 -0.502708931655 -3.13488929818
0.1 2.07515956583e-15 -3.44694982866e-13 2.0612534628e-11
-3.12008993359 0.0913705398514 0.0512074576304 4.63371091715
0.010033
4
-2.3251751739 -0.95347613011 0.378636512955 -5.77276684816
-0.0671970355448 -0.289951628884 -0.597067169299 -4.28592623432
0.1 1.383221224e-15 2.75729617775e-13 -2.51922177573e-11
-3.11916336661 0.0937974207059 0.190679303143 0.588104163698
0.010033
4
-2.33470916283 -0.947621668607 0.20488114872 4.48723512444
-0.0701705651339 -0.30322672839 -0.726069897716 -5.26061215461
0.1 -6.91664124971e-16 -4.82534675145e-13 3.43539939629e-11
-3.11820250433 0.0978012097918 0.208380737457 1.68484220985
0.010033
4
-2.34419141344 -0.942155512893 0.339941263823 0.500888332198
-0.0732912108755 -0.319384509424 -0.884407685553 -0.783422302234
0.1 3.01507693331e-20 5.51477194121e-13 -3.2064183843e-11
-3.11719859633 0.102491326598 0.259092361983 0.174147530961
0.010033
4
-2.35360918876 -0.93518310261 0.355017266795 -0.964979004537
-0.0765853595564 -0.337367330545 -0.907987545969 4.37223250336
0.1 1.38325387312e-15 -4.13607635867e-13 1.8322158417e-11
-3.1161440613 0.107742780918 0.264333946835 -1.2493089487
0.010033
4
-2.36295705263 -0.928350780238 0.325972570622 -2.38291568406
-0.0800571240209 -0.354266556619 -0.776388657225 6.46949630749
0.1 -1.38323139636e-15 1.37867082187e-13 -4.58041761263e-12
-3.11503773961 0.112669603091 0.22673126463 -1.86304732872
0.010033
4
-2.37224086318 -0.922529374872 0.254248623104 -1.80295039136
-0.0836831280036 -0.367891984271 -0.581661744843 4.60993002801
0.1 0.0 0.0 4.58016476863e-12
-3.11388637474 0.116656610663 0.170654958733 -1.31842305674
0.010033
4
-2.38147299267 -0.917972011239 0.199980650845 -0.729364240776
-0.0874281509773 -0.378171645713 -0.442904984769 1.93321137945
0.1 1.38318248648e-15 1.37860839543e-13 -2.74807825527e-11
-3.11270009074 0.119682878263 0.130971034975 -0.548032043686
0.010033
4
-2.3906638122 -0.9141793774 0.178027037867 -0.178415073901
-0.0912650625335 -0.38647534798 -0.384715986659 0.667715225644
0.1 -4.14953999844e-15 -6.8930127062e-13 5.95415055371e-11
-3.11148665549 0.122145496632 0.114475458809 -0.189535227013
0.010033
4
-2.39981824508 -0.910660885067 0.172656798309 -0.100682195096
-0.0951807127417 -0.393993589424 -0.364617961085 0.467021859392
0.1 -8.9086874293e-21 1.10287996933e-12 -6.18314418546e-11
-3.11024980904 0.12438537522 0.108770506019 -0.143416244615
0.010033
4
-2.40893784468 -0.907226676915 0.169626292647 -0.126674034231
-0.0991699775948 -0.401169148405 -0.350560734898 0.491566785465
0.1 3.45795690031e-15 -7.58228983346e-13 3.89308322619e-11
-3.10899101618 0.126524704874 0.104453717524 -0.157747866082
0.010033
4
-2.41802332527 -0.903861127647 0.165813437476 -0.150714639635
-0.103229799342 -0.408055220238 -0.335764703722 0.514321707786
0.1 -2.64737441366e-21 4.13578845963e-13 -2.74805269465e-11
-3.1077112071 0.128573084972 0.0997055481737 -0.156526548225
0.010033
4
-2.42707545238 -0.900579347149 0.16127696349 -0.168699718784
-0.107357200965 -0.41463751981 -0.320283745443 0.532657640733
0.1 2.53340826441e-21 -4.13578329602e-13 2.06103635462e-11
-3.10641132203 0.130526556026 0.0949941371523 -0.126754888629
0.010033
4
-2.43609513291 -0.897394027368 0.156199139877 -0.17343048123
-0.111549070126 -0.42090363699 -0.304250870195 0.542536763162
0.1 -2.07476844524e-15 2.06788980077e-13 -6.87011320541e-12
-3.10509228068 0.132394477648 0.0911788434981 -0.036761912534
0.010033
4
-2.44508337534 -0.89431202879 0.150978918425 -0.157169969088
-0.115802187334 -0.426845049993 -0.287920626347 0.540405135469
0.1 0.0 0.0 2.29003106448e-12
-3.10375479041 0.134213018411 0.0900723175689 0.144426323211
0.010033
4
-2.45404120869 -0.891329869841 0.146248132704 -0.133337099367
-0.12011327667 -0.432459418107 -0.271654536116 0.535027315606
0.1 6.9158814179e-16 6.89294928573e-14 -6.87008780725e-12
-3.10239898196 0.136064074661 0.0944195220102 0.346672519354
0.010033
4
-2.46296957695 -0.888435442732 0.14223471016 -0.150399257402
-0.124479066203 -0.437749008247 -0.255550310807 0.552411165387
0.1 5.24151715686e-22 -1.37858906003e-13 -2.290019868e-12
-3.10102395892 0.138063443333 0.104854302062 0.342948225144
0.010033
4
-2.4718693291 -0.88562670292 0.137707718114 -0.24873642194
-0.128896290526 -0.442710194022 -0.238922828767 0.609826956643
0.1 -3.45793835522e-15 -2.06788114195e-13 2.74802790471e-11
-3.0996278285 0.140271078097 0.115176985258 -0.0355693650488
0.010033
4
-2.48074145924 -0.882938500923 0.130220790926 -0.385820629594
-0.133361561912 -0.447320385891 -0.220567133263 0.680177653234
0.1 6.91584327795e-16 6.20363964054e-13 -3.20602950166e-11
-3.0982088908 0.142571542239 0.114106352963 -0.57110934785
0.010033
4
-2.48958751475 -0.880441933999 0.118607644451 -0.461007070424
-0.137871172199 -0.451540998278 -0.200093881938 0.713781699558
0.1 3.45793768565e-15 -3.44646389183e-13 1.37401095626e-11
-3.09676751981 0.144688790339 0.096916042231 -0.814052952935
0.010033
4
-2.49840977108 -0.878201108369 0.104731389494 -0.44343723632
-0.142421036561 -0.455340636111 -0.17860914237 0.70147699081
0.1 6.91586596584e-16 6.8929184094e-14 -2.29001543719e-12
-3.09530688097 0.146387719489 0.0724131505215 -0.651973292642
0.010033
4
-2.50721092727 -0.876233424909 0.0913839788945 -0.397482545921
-0.147006875299 -0.458712865956 -0.157494764381 0.677782282216
0.1 1.383173262e-15 -2.12484276275e-20 -1.60300798002e-11
-3.0938314986 0.14764390795 0.0527888282412 -0.381963916094
0.010033
4
-2.51599364093 -0.874519699643 0.0794197957314 -0.376250073202
-0.151624448398 -0.461668558851 -0.137093588399 0.667026221557
0.1 -3.45793113804e-15 -4.82503750826e-13 4.80902204346e-11
-3.09234521489 0.148587846522 0.0412917542169 -0.235937395144
0.010033
4
-2.52476034517 -0.873039642286 0.0680947052787 -0.377209842478
-0.156269635012 -0.464218118429 -0.117016164283 0.666338354283
0.1 1.38317096161e-15 9.65007186977e-13 -5.7250240062e-11
-3.09085046991 0.149345178284 0.0341900616685 -0.199077769127
0.010033
4
-2.53351334206 -0.871787130665 0.0567407239451 -0.38389133737
-0.160938382474 -0.466365000403 -0.0969594415133 0.668051923927
0.1 3.45793198205e-15 -7.58219738232e-13 2.97701160852e-11
-3.08934880382 0.149971134965 0.0281978392499 -0.195736796145
0.010033
4
-2.54225492295 -0.87076447261 0.045185628774 -0.389745507232
-0.165626650061 -0.46810889474 -0.076851137916 0.669415758533
0.1 -2.76634463358e-15 1.37858112794e-13 -1.14500401759e-11
-3.08784145698 0.15047785712 0.0223061790644 -0.19606244797
0.010033
4
-2.5509874131 -0.869975454022 0.0334543225706 -0.393513650608
-0.170330389463 -0.469448871861 -0.0567017812332 0.66944987289
0.1 -3.45793026463e-15 -2.06787110443e-13 3.89301285838e-11
-3.08632961932 0.150866255325 0.0164047162651 -0.19602023521
0.010033
4
-2.55971317204 -0.869422980933 0.0216095949165 -0.395013305891
-0.175045545113 -0.470384509454 -0.0365513965891 0.66789710121
0.1 4.14951599356e-15 9.6500647258e-13 -6.87002233566e-11
-3.08481447871 0.151136243943 0.0105045237377 -0.195527304735
0.010033
4
-2.56843458199 -0.869108644272 0.00971972742953 -0.394472208642
-0.179768061519 -0.470916266078 -0.0164477496742 0.665155624636
0.1 2.76634421693e-15 -1.10286450759e-12 5.72501848973e-11
-3.08329722263 0.151287984564 0.00461916820993 -0.194702543189
0.010033
4
-2.57715403453 -0.869032733544 -0.00215385315581 -0.392147632301
-0.184493892224 -0.471045438571 0.00357337916039 0.661642266387
0.1 -2.07475805031e-15 6.2036128376e-13 -2.97700965202e-11
-3.08177903572 0.151321875125 -0.00124136210395 -0.193667351384
0.010033
4
-2.5858739183 -0.869194383311 -0.0139574640899 -0.388036506553
-0.189219006995 -0.470773915902 0.0234887560406 0.657306971486
0.1 1.38317203456e-15 -2.75716131607e-13 6.87002234724e-12
-3.08026109769 0.151238477334 -0.00707073318278 -0.192406869683
0.010033
4
-2.59459660789 -0.869591649971 -0.02563733029 -0.382253389259
-0.193939396971 -0.470104068395 0.0432736405804 0.652290778067
0.1 -2.07475815791e-15 -6.89290369588e-14 -2.29000775804e-12
-3.07874458201 0.151038484493 -0.0128621637723 -0.190962115678
0.010033
4
-2.60332445315 -0.870221545433 -0.0371431249408 -0.37429099852
-0.198651079456 -0.469038720236 0.0629075377698 0.645608708207
0.1 -4.14951636073e-15 -1.37858076577e-13 1.83200618672e-11
-3.07723065448 0.150722713595 -0.0186101072851 -0.189043273243
0.010033
4
-2.61205976846 -0.871079918525 -0.0484092521671 -0.367705667188
-0.20335010318 -0.467581404331 0.0823403049853 0.643340194181
0.1 -1.38317212647e-15 4.13574227716e-13 -1.1450038802e-11
-3.07572047189 0.150292180455 -0.0243002937338 -0.188435134767
0.010033
4
-2.62080482357 -0.872162375817 -0.0594771614843 -0.358079660278
-0.208032551259 -0.46573482376 0.101704790128 0.637528073369
0.1 3.45793025081e-15 6.89290333459e-14 -2.29000762924e-12
-3.07421518118 0.149747648221 -0.0299721752681 -0.18680029093
0.010033
4
-2.62956184394 -0.873464021488 -0.0702553290267 -0.383573075358
-0.212694528627 -0.463501418839 0.120894331312 0.695316329988
0.1 4.14951624924e-15 -2.95332813033e-21 -1.374004451e-11
-3.07271592321 0.149089794263 -0.0355948482539 -0.203882635979
0.010033
4
-2.63833303517 -0.874989647557 -0.0818008466104 -0.281060879238
-0.217332107596 -0.460865492625 0.141823294864 0.531801617099
0.1 -6.12977763636e-23 -4.13574196978e-13 9.16002884773e-12
-3.07122384891 0.148313953392 -0.0417316985959 -0.155881075803
0.010033
4
-2.64712059208 -0.876715994162 -0.0902607555399 -0.322374857284
-0.221941297752 -0.457858974792 0.157830479007 0.618914053052
0.1 -5.53268867258e-15 -1.37858095703e-13 1.60300568828e-11
-3.06974012818 0.147429463294 -0.0464237059244 -0.181632978765
0.010033
4
-2.65592636265 -0.878624579204 -0.0999642110071 -0.292013644705
-0.226518622863 -0.454504939194 0.176459738753 0.583220319492
0.1 -3.45793028312e-15 3.44645237243e-13 9.16004142896e-12
-3.06826578025 0.146443043474 -0.0518908429576 -0.171248549125
0.010033
4
-2.66475222782 -0.880718710322 -0.108753795623 -0.278051257713
-0.231060456113 -0.450787857512 0.194014618263 0.576820798454
0.1 6.22427690588e-15 6.20361665869e-13 -4.35101863932e-11
-3.06680186942 0.14535005299 -0.0570454089863 -0.169494822111
0.010033
4
-2.67359997347 -0.882985001575 -0.117123112418 -0.258800764003
-0.235563233364 -0.446720442244 0.211376870229 0.562051765865
0.1 5.53268941637e-15 -6.89290866186e-13 4.58000950128e-12
-3.06534944222 0.144154157665 -0.0621471872445 -0.165283463538
0.010033
4
-2.68247127894 -0.885413422458 -0.124912989724 -0.240194416191
-0.240023467301 -0.442309086649 0.228294572588 0.54898183847
0.1 -6.9158660028e-15 -5.51433034843e-13 6.18303490642e-11
-3.06390952339 0.14285715906 -0.0671222030897 -0.161577208147
0.010033
4
-2.69136771289 -0.887992539963 -0.132142816196 -0.219720259185
-0.244437749949 -0.437562198511 0.244818867746 0.53291882275
0.1 6.91590087816e-16 1.30965391941e-12 -8.93105623776e-11
-3.06248311513 0.141461448415 -0.0719856599315 -0.156994646181
0.010033
4
-2.70029072869 -0.890710551525 -0.138756370978 -0.196980470186
-0.248802757288 -0.43248857644 0.260859663628 0.512642558571
0.1 -4.14985655831e-21 -1.37858383842e-12 8.24405879376e-11
-3.06107119579 0.139969529089 -0.0767111809047 -0.151175209336
0.010033
4
-2.70924165519 -0.893554406272 -0.144685458919 -0.173050747047
-0.253115263891 -0.427099195401 0.27629014163 0.489700220814
0.1 -2.76634452028e-15 1.10286772544e-12 -6.18305004732e-11
-3.05967471555 0.138384542634 -0.0812615361242 -0.144570293722
0.010033
4
-2.7182216846 -0.896510009757 -0.149894263385 -0.150447140141
-0.25737216567 -0.421407107937 0.291030053133 0.468682077885
0.1 6.91584502799e-16 -7.58222113587e-13 5.49605134752e-11
-3.05829458981 0.136710241358 -0.0856130827333 -0.138527743451
0.010033
4
-2.72723186663 -0.899563308677 -0.154422700621 -0.129354522295
-0.261570492964 -0.415425590637 0.305137316134 0.449914427821
0.1 2.07476626973e-15 8.96081421497e-13 -6.18306496346e-11
-3.05693169527 0.13495044495 -0.0897827478475 -0.133143284665
0.010033
4
-2.73627311424 -0.902701106559 -0.158316251552 -0.109626536442
-0.265707403177 -0.409166659331 0.318679670185 0.433343930893
0.1 1.38317158782e-15 -9.65011481461e-13 4.12204696005e-11
-3.0555868721 0.13310860452 -0.0937903399338 -0.128402558393
0.010033
4
-2.74534621241 -0.90591107539 -0.161615991784 -0.0824921405229
-0.269780167526 -0.402640986654 0.331723249318 0.400118346939
0.1 -5.53270396325e-15 2.75717691869e-13 -2.29001912321e-12
-3.05426092785 0.131187778027 -0.0976552352558 -0.118752221612
0.010033
4
-2.75445181777 -0.909179062573 -0.164098990168 -0.0731888971646
-0.273786176717 -0.395863611509 0.343766738584 0.403065491914
0.1 -6.91587498916e-16 2.06788533934e-13 -4.58005983742e-12
-3.05295463567 0.129192311715 -0.101229655467 -0.119745985138
0.010033
4
-2.76359044804 -0.912494063828 -0.1663019616 -0.0506017330798
-0.277722969489 -0.388843678426 0.355898930739 0.377941197765
0.1 2.07476672037e-15 6.89296322287e-14 -1.37402258183e-11
-3.05166872598 0.127124819999 -0.104833986105 -0.112472565499
0.010033
4
-2.77276253305 -0.915846448129 -0.167825063083 -0.00739615289183
-0.281588131588 -0.381587885407 0.367274881 0.303578613236
0.1 -6.91590815135e-16 -3.44648264024e-13 1.37402326494e-11
-3.05040391609 0.124987199487 -0.108219386581 -0.090671042247
0.010033
4
-2.78196835856 -0.919216346076 -0.168047685614 0.010424481548
-0.285379422488 -0.374126277746 0.376412528661 0.280728842274
0.1 -3.45794696953e-15 6.89296339539e-14 2.51904947589e-11
-3.04916087289 0.122788230886 -0.110948564464 -0.0840284391313
0.010033
4
-2.79120799523 -0.922585327907 -0.16773391122 0.0209228202764
-0.28909495067 -0.366488213522 0.384862399453 0.273725310093
0.1 5.53272208665e-15 8.27157481773e-13 -7.32814930524e-11
-3.04794016109 0.120536504309 -0.11347780032 -0.0820532830668
0.010033
4
-2.80048138729 -0.925944841357 -0.16710413964 0.0403571106145
-0.29273299902 -0.358682708598 0.393101461814 0.244253986446
0.1 -6.35467288585e-21 -1.37859685991e-12 8.70218745339e-11
-3.0467422946 0.11823462237 -0.115947583315 -0.0734427546335
0.010033
4
-2.80978839884 -0.929285846834 -0.165889401416 0.0581268706787
-0.296291931542 -0.350720778555 0.400453441412 0.215700225885
0.1 -1.38317528575e-15 1.24073826515e-12 -6.18314030829e-11
-3.04556776393 0.115885781998 -0.118158190566 -0.0650885517619
0.010033
4
-2.81912878711 -0.932597108883 -0.16413979895 0.0749612147959
-0.299770267289 -0.342619946917 0.406945957568 0.186469919582
0.1 4.84113234265e-15 -6.20369584172e-13 2.7480655763e-11
-3.04441701435 0.113495106528 -0.120117337675 -0.0565209701426
0.010033
4
-2.82850220096 -0.935868177261 -0.161883488415 0.0905567103587
-0.303166699979 -0.334397664328 0.412558647347 0.157167725167
0.1 6.91591813586e-16 2.06790078107e-13 -2.74807046423e-11
-3.04329044003 0.111067706297 -0.121818602266 -0.047917827419
0.010033
4
-2.8379081876 -0.939089258385 -0.159157759127 0.104904561071
-0.306480099864 -0.32607160737 0.41728934781 0.12781582158
0.1 -3.45795854317e-15 -6.20370727597e-13 4.35111522762e-11
-3.04218838339 0.108608766798 -0.123260914217 -0.0392856545776
0.010033
4
-2.84734619976 -0.942251309611 -0.156000165072 0.117933858632
-0.309709514757 -0.317659489264 0.421136563548 0.0986022303353
0.1 -2.76636370109e-15 6.89301171565e-13 -2.74807454845e-11
-3.04111113472 0.106123493004 -0.124443399974 -0.0306799883667
0.010033
4
-2.85681560335 -0.945346063298 -0.15245039446 0.129595688027
-0.312854170154 -0.309178996398 0.424104458465 0.0697131623205
0.1 2.76636643226e-15 -1.37860288823e-13 -2.29006954802e-12
-3.04005893205 0.103617090626 -0.1253668576 -0.0221560965574
0.010033
4
-2.8663156854 -0.948366062992 -0.148549607729 0.139806069351
-0.315913468396 -0.300647675317 0.426202801262 0.0414880475426
0.1 -6.9159241514e-16 -2.06790613904e-13 9.16026472114e-12
-3.03903196133 0.101094732658 -0.126033748673 -0.0138147873555
0.010033
4
-2.8758456624 -0.951304703545 -0.144341493001 0.148444933577
-0.318886986546 -0.292082773999 0.427451577261 0.01446267297
0.1 -2.07477601847e-15 6.8930211847e-14 1.38188471761e-18
-3.03803035694 0.098561512241 -0.126449569033 -0.00581535414746
0.010033
4
-2.8854046891 -0.954156292733 -0.139873352354 0.155509978882
-0.32177447216 -0.283500977551 0.427886898665 -0.0110751085445
0.1 -6.91592068873e-16 6.89302534412e-14 6.87020976128e-12
-3.03705420289 0.0960223641205 -0.126624609162 0.00175590500336
0.010033
4
-2.8949918679 -0.956916088206 -0.135192557087 0.161433113565
-0.324575836264 -0.274918159492 0.427553541822 -0.0362045286331
0.1 2.76636947323e-15 2.75721133143e-13 -2.06106301891e-11
-3.03610353478 0.093481990482 -0.126571757043 0.00921778072757
0.010033
4
-2.90460625795 -0.959580167739 -0.130333478163 0.166810765056
-0.327291145715 -0.266349620759 0.426463798471 -0.0628447682685
0.1 2.07477678523e-15 -3.44651456784e-13 9.16028085883e-12
-3.03517834205 0.0909449311674 -0.126294305143 0.0171391434188
0.010033
4
-2.91424688194 -0.962145118686 -0.125312534253 0.170980909783
-0.329920621584 -0.25781099521 0.424572193596 -0.0888760487463
0.1 -2.07477719934e-15 -6.89303043022e-14 1.60304954038e-11
-3.03427856832 0.088415831743 -0.125778423103 0.0248921273063
0.010033
4
-2.92391273067 -0.964608057782 -0.120166070663 0.173192653904
-0.332464644229 -0.24931818904 0.421897056649 -0.111184375444
0.1 1.38318475869e-15 4.13581813762e-13 -2.97709186705e-11
-3.03340410985 0.0858994256827 -0.125029179068 0.0315512763906
0.010033
4
-2.93360277038 -0.966967057836 -0.114953034319 0.175717578295
-0.334923748593 -0.240885800245 0.418550447096 -0.137621719714
0.1 6.91592634923e-16 -4.82512088227e-13 3.20609842114e-11
-3.03255481686 0.0834000652827 -0.124079497041 0.0394442800468
0.010033
4
-2.94331595163 -0.969220688479 -0.109663998387 0.177902438337
-0.337298612714 -0.232528549485 0.414408082811 -0.166552039404
0.1 6.91591848081e-16 4.82512009803e-13 -4.35113208666e-11
-3.03173049687 0.0809221451347 -0.122892238393 0.0480882758164
0.010033
4
-2.95305121037 -0.971367527457 -0.104309198422 0.175836154266
-0.33959007319 -0.224263157204 0.409394925807 -0.181884599742
0.1 -2.76636781669e-15 -8.27163234892e-13 4.58013758531e-11
-3.03093091006 0.0784706592369 -0.121444798436 0.0527041656949
0.010033
4
-2.96280747325 -0.973407539016 -0.099016592114 0.172806274451
-0.34179912566 -0.216102990298 0.403920263421 -0.194659018279
0.1 -5.53273804396e-15 5.51442045524e-13 -2.29007687247e-12
-3.03015576905 0.0760496119274 -0.119858421613 0.0565642835784
0.010033
4
-2.97258367593 -0.975342262181 -0.0938151832444 0.170084976589
-0.343926869777 -0.208056536811 0.398061094548 -0.210206348829
0.1 4.84114314824e-15 4.82511526685e-13 -3.66410576589e-11
-3.02940475522 0.0736615628818 -0.118155856314 0.0612523497239
0.010033
4
-2.98237877116 -0.97717343378 -0.0886956834987 0.166830605811
-0.345974487984 -0.200132349664 0.391733955191 -0.225101128848
0.1 3.45796072294e-15 -6.20371803339e-13 2.51907168699e-11
-3.02867752494 0.071309093577 -0.116312181493 0.0657509181018
0.010033
4
-2.99219172905 -0.97890285843 -0.0836741380901 0.162929830185
-0.347943253478 -0.192339622133 0.384958486538 -0.238488869406
0.1 -1.38318375597e-15 1.37860344898e-13 -6.87018979512e-12
-3.0279737072 0.0689949783042 -0.11433310086 0.0698051016132
0.010033
4
-3.0020215395 -0.980532696932 -0.0787700035188 0.158463715079
-0.349834528841 -0.184686895353 0.377780049613 -0.250344185458
0.1 -6.91591349055e-16 -6.89301197308e-14 1.83204836379e-11
-3.02729290402 0.0667217999383 -0.112231990144 0.0734063575406
0.010033
4
-3.01186721594 -0.982065476017 -0.0740002962822 0.153486348708
-0.351649757748 -0.1771817926 0.370244769549 -0.26051187228
0.1 3.45795535162e-15 4.8251058922e-13 -5.26713533321e-11
-3.02663469283 0.0644918703828 -0.110022482216 0.076507517384
0.010033
4
-3.02172779877 -0.983504047534 -0.0693804048774 0.148010404168
-0.353390455551 -0.169830964749 0.36240344314 -0.268588501801
0.1 -2.76636130884e-15 -1.10288078002e-12 6.64116619997e-11
-3.02599862929 0.0623072137453 -0.107719629716 0.0789874178719
0.010033
4
-3.03160235851 -0.984851568294 -0.0649253363827 0.142087028027
-0.355058198803 -0.16263992157 0.354319010298 -0.274296657687
0.1 -4.84113929885e-15 8.9609020257e-13 -3.89309463935e-11
-3.02538425041 0.0601695155013 -0.105342132277 0.08076225772
0.010033
4
-3.04148999877 -0.986111480789 -0.0606485584175 0.136049308061
-0.356654612712 -0.155612826113 0.346062761168 -0.279017536371
0.1 1.38318230839e-15 -2.75719891666e-13 1.8320423841e-11
-3.02479107826 0.0580800605943 -0.102911211952 0.0822425348386
0.010033
4
-3.05138985867 -0.98728739717 -0.0565535127854 0.130455658293
-0.358181358469 -0.148752828035 0.337664412364 -0.286061760562
0.1 1.38318014525e-15 2.75719676068e-13 -2.51905556942e-11
-3.02421862372 0.0560398320953 -0.100435734952 0.0844149850333
0.010033
4
-3.06130111337 -0.98838283001 -0.0526268331902 0.125173579517
-0.359640129216 -0.142063480497 0.329054031696 -0.295201251743
0.1 -6.91588733595e-16 -4.82509153029e-13 3.43507280548e-11
-3.02366638772 0.0540499331569 -0.0978948670156 0.0872127319747
0.010033
4
-3.07122297205 -0.989401063688 -0.0488591415084 0.11917065572
-0.361032660562 -0.135549671066 0.320168551989 -0.299630011116
0.1 -1.79663437748e-21 5.51438688478e-13 -2.51905157635e-11
-3.02313385808 0.0521118648034 -0.0952697868183 0.0886059472913
0.010033
4
-3.08115467694 -0.990345506183 -0.0452721350775 0.112461894135
-0.362360736621 -0.12921549747 0.311149764854 -0.298012249098
0.1 3.45794988271e-15 -2.06789429822e-13 -2.29003653359e-12
-3.02262050773 0.0502268927392 -0.0926027703382 0.0881937076754
0.010033
4
-3.09109550656 -0.991219996329 -0.0418870595735 0.105903310261
-0.363626166992 -0.123061808826 0.302179669053 -0.295414363955
0.1 -1.38317837961e-15 -2.75718969314e-13 2.51904590787e-11
-3.02212580156 0.0483953132763 -0.0899481613103 0.0874860045555
0.010033
4
-3.10104477913 -0.992028540772 -0.0386993948396 0.099700817766
-0.364830756584 -0.117087332237 0.29328776617 -0.293426459483
0.1 6.91587932319e-16 4.82507924987e-13 -3.89306756898e-11
-3.02164920542 0.0466167882601 -0.0873148531471 0.0869574938173
0.010033
4
-3.11100185246 -0.992774993271 -0.0356984227552 0.0937079445921
-0.365976296178 -0.111290683019 0.284455696048 -0.291044750858
0.1 -1.3831763548e-15 -6.89296615731e-13 5.26708685476e-11
-3.02119018899 0.0448909444199 -0.0846974522338 0.0863087296754
0.010033
4
-3.12096612204 -0.993463036751 -0.032877833963 0.0878756772072
-0.367064563494 -0.105670541764 0.27569531222 -0.287776049635
0.1 6.91586425122e-16 8.96085094958e-13 -5.03807942072e-11
-3.02074822543 0.0432174262826 -0.0820995782045 0.0853923250699
0.010033
4
-3.13093701976 -0.994096242338 -0.0302327943949 0.0822188373983
-0.368097321328 -0.100225202264 0.267033313107 -0.283595259887
0.1 3.45794574671e-15 -6.20366309814e-13 1.83202815346e-11
-3.02032279201 0.041595761231 -0.0795292870182 0.0842005714313
0.010033
4
-3.14091401279 -0.994678079679 -0.0277580238437 0.0767594789018
-0.369076312647 -0.0949524149833 0.25849715254 -0.278573049468
0.1 -3.4579429162e-15 -6.89295020511e-14 1.60302210849e-11
-3.01991337154 0.040025312664 -0.0769948666691 0.0827544064672
0.010033
4
-3.15089660258 -0.995211905812 -0.0254475782805 0.0715079925913
-0.370003255156 -0.0898494008232 0.250112157288 -0.272688289138
0.1 -1.04385889319e-21 4.13577071886e-13 -1.83202472822e-11
-3.01951945402 0.0385052839917 -0.0745039749384 0.0810473836506
0.010033
4
-3.16088432362 -0.995700955364 -0.0232952009044 0.0664736735893
-0.370879836108 -0.0849128660774 0.241904290125 -0.265973769022
0.1 2.76635341866e-15 -1.3785898926e-13 -4.58005292374e-12
-3.01914053824 0.0370347230103 -0.0720644636524 0.0790892336365
0.010033
4
-3.17087674223 -0.996148334605 -0.0212943551233 0.0614836868534
-0.371707707134 -0.0801390059529 0.233898526867 -0.256235431894
0.1 -1.38317560329e-15 -2.75717769661e-13 1.60301918966e-11
-3.01877613331 0.0356125228942 -0.0696838917521 0.0762243536161
0.010033
4
-3.18087345539 -0.996557070841 -0.0194437066416 0.0569040898608
-0.372488476959 -0.0755228518684 0.226185884096 -0.247230413368
0.1 -2.0747643211e-15 2.06788270767e-13 -9.16010490188e-12
-3.01842576088 0.0342372271422 -0.0673895517165 0.0735746689536
0.010033
4
-3.19087408993 -0.996930054053 -0.0177309028893 0.0530618139302
-0.373223699093 -0.0710587435044 0.218744289287 -0.244059565685
0.1 -6.91587682391e-16 -6.89293812657e-14 1.83201920459e-11
-3.01808895881 0.0329071704076 -0.0651749662734 0.0726652665632
0.010033
4
-3.20087830016 -0.997269827623 -0.0161337506934 0.0491884917759
-0.373914877637 -0.0667430038879 0.211398135012 -0.23799424511
0.1 3.45793752204e-15 4.82505497932e-13 -4.80904830726e-11
-3.01776527949 0.0316212778874 -0.0629877532579 0.0708884995131
0.010033
4
-3.21088576446 -0.99757872164 -0.0146531846016 0.0449218144604
-0.374563488659 -0.0625728438239 0.204234544574 -0.222318331097
0.1 -1.38317344252e-15 -9.65010699535e-13 7.55707237898e-11
-3.01745428346 0.0303787383965 -0.0608540202466 0.066236886058
0.010033
4
-3.22089618499 -0.997859194366 -0.01330104461 0.041070168072
-0.375170964693 -0.0585416975913 0.197542795588 -0.206738812111
0.1 2.07476026974e-15 1.30965694385e-12 -7.78607137771e-11
-3.01715554402 0.0291776106031 -0.0588602997427 0.0616097161868
0.010033
4
-3.23090928891 -0.998113697519 -0.0120648384136 0.0381888756375
-0.375738653078 -0.0546401261772 0.191319986855 -0.202306340288
0.1 4.84111290849e-15 -1.03393942644e-12 3.43503061334e-11
-3.01686865977 0.0280150923529 -0.0570058560801 0.0603107091345
0.010033
4
-3.24092482628 -0.998344264436 -0.0109153585394 0.0346994848995
-0.37626781791 -0.0508620860447 0.185230593996 -0.183512560508
0.1 -5.53269796225e-15 3.66728068091e-20 1.14500928165e-11
-3.01659325398 0.0268893939655 -0.0551905120776 0.0547235895278
0.010033
4
-3.25094256614 -0.998552819053 -0.00987090870413 0.0319012632951
-0.376759670662 -0.0472005629534 0.179706890571 -0.170735405393
0.1 -2.07476188647e-15 3.44646292688e-13 -1.37401107291e-11
-3.01632896552 0.0257984358569 -0.0535433393823 0.0509266292814
0.010033
4
-3.26096229737 -0.998741260223 -0.00891068484961 0.0292327074061
-0.377215329496 -0.0436460225591 0.17456777719 -0.155921403447
0.1 6.91587154039e-16 -6.89292439221e-14 4.58003485387e-12
-3.01607546094 0.0247393840582 -0.0520104544989 0.0465316595331
0.010033
4
-3.27098382642 -0.998911238909 -0.00803078408024 0.0273493100502
-0.377635827019 -0.0401901323724 0.169874562807 -0.15011192649
0.1 6.91586932005e-16 6.89292217924e-14 -4.58003343875e-12
-3.01583243224 0.0237097646185 -0.050609857474 0.0448040761473
0.010033
4
-3.28100697519 -0.999064129795 -0.00720757325463 0.0283473164259
-0.378022117208 -0.0368266641799 0.165356212519 -0.221849709022
0.1 6.91587008391e-16 -6.89292141791e-14 4.58003190484e-12
-3.01559959474 0.0227077285499 -0.0492612603632 0.066167345924
0.010033
4
-3.29103157535 -0.999200200269 -0.0063543224525 0.0220612896056
-0.378375188087 -0.0335755283048 0.15867856306 -0.109780873371
0.1 6.91586798131e-16 6.89291932229e-14 -2.51901660888e-11
-3.0153766536 0.0217392058221 -0.0472696312391 0.0327723218193
0.010033
4
-3.30105746205 -0.999321047308 -0.00569028024276 0.021565321436
-0.37869619842 -0.0304245449047 0.155374171747 -0.126234961148
0.1 -5.53269387285e-15 -6.89291828861e-13 5.95403830909e-11
-3.01516326314 0.0208005628858 -0.0462831882256 0.0376745260352
0.010033
4
-3.31108449567 -0.999428719077 -0.00504116656645 0.0197531546615
-0.378985943293 -0.02734483828 0.151574514044 -0.10875377086
0.1 -1.383174275e-15 1.10286680285e-12 -5.95403734928e-11
-3.0149591861 0.0198831948956 -0.0451491893575 0.0324627742187
0.010033
4
-3.32111254678 -0.99952391263 -0.00444659885836 0.0184315198008
-0.379245153423 -0.0243360982805 0.148301037913 -0.0977451197389
0.1 2.76634725141e-15 -6.89291665653e-13 2.9770181865e-11
-3.01476420438 0.0189870083787 -0.0441720635467 0.0291735665607
0.010033
4
-3.33114149511 -0.999607574377 -0.0038918121742 0.017163173577
-0.379474494401 -0.0213897209788 0.145358920744 -0.0830047679224
0.1 -2.07476010386e-15 2.06787478237e-13 -6.87004103528e-12
-3.01457811931 0.0181094360466 -0.0432939424567 0.0247682371828
0.010033
4
-3.34117122883 -0.999680486491 -0.00337520254053 0.016125976934
-0.3796745548 -0.0184979301791 0.142860486374 -0.0693398903754
0.1 0.0 0.0 9.16005196784e-12
-3.01440075522 0.0172481541501 -0.0425484212464 0.0206819649227
0.010033
4
-3.35120164365 -0.999743345247 -0.00288981238744 0.0152696355313
-0.379845838721 -0.015652147497 0.14077336321 -0.0559735918515
0.1 2.76634625062e-15 2.7571656869e-13 -1.60300900427e-11
-3.0142319617 0.0164005982239 -0.04192589635 0.0166834550936
0.010033
4
-3.36123264159 -0.999796722494 -0.00243019799727 0.0145865746305
-0.379988766668 -0.0128442095081 0.139088564105 -0.0427830383585
0.1 3.45793290274e-15 -2.06787420635e-13 2.2900132235e-12
-3.01407161333 0.0155643266609 -0.0414237261428 0.0127356304784
0.010033
4
-3.37126412989 -0.999841083132 -0.00199114364976 0.0140666585907
-0.380103678023 -0.0100660960301 0.137800799193 -0.0295678866737
0.1 4.78112664595e-23 -1.37858265771e-13 2.29001266852e-12
-3.01391960894 0.0147369396644 -0.0410403850177 0.00877858737684
0.010033
4
-3.38129601995 -0.99987679046 -0.00156773870524 0.0137073014759
-0.380190832028 -0.0073098325238 0.136910808913 -0.0163057854644
0.1 -2.07475952763e-15 -6.89291252353e-14 1.80693971854e-19
-3.01377587138 0.0139160499594 -0.0407761504607 0.00480561928195
0.010033
4
-3.39132822632 -0.999904110019 -0.00115515035952 0.013506030621
-0.380250407818 -0.00456742283918 0.13642000647 -0.00282998407876
0.1 -3.45793246315e-15 -6.89291197964e-14 1.14500594501e-11
-3.01364034746 0.0130992626765 -0.0406315018212 0.000766722070157
0.010033
4
-3.40136066573 -0.999923211119 -0.000748620234644 0.0134650722467
-0.38028250399 -0.00183079210729 0.136334824242 0.0112485243254
0.1 -1.38317302302e-15 2.75716485466e-13 -9.16004743409e-12
-3.01351300812 0.0122841582258 -0.0406084235662 -0.00345484885958
0.010033
4
-3.41139325614 -0.999934166911 -0.000343322943053 0.013594092012
-0.380287137083 0.00090838109893 0.136673403669 0.0253520822553
0.1 1.38317292678e-15 -1.445587046e-21 4.71879101434e-21
-3.01339384891 0.0114682419381 -0.040712414162 -0.00768592059678
0.010033
4
-3.42142591575 -0.999936950801 6.5857838693e-05 0.0138874483064
-0.380264238903 0.00365860779201 0.137436498756 0.0380127855065
0.1 1.38317289919e-15 -1.30355191821e-21 4.5800228978e-12
-3.01328289077 0.0106489611069 -0.0409437595874 -0.0114860884635
0.010033
4
-3.43145856199 -0.999931435231 0.000483868622751 0.0143263186609
-0.380213657268 0.00642797080845 0.138580679741 0.0495435927556
0.1 2.76634572393e-15 1.3785822292e-13 -2.29001135361e-11
-3.01318017984 0.00982389028889 -0.0412894896839 -0.0149490389127
0.010033
4
-3.44149111055 -0.999917399066 0.000915089367412 0.0149163129282
-0.380135162955 0.00922377601342 0.140071936879 0.0616867987098
0.1 -1.38317275929e-15 -5.51432881486e-13 4.35102140616e-11
-3.0130857854 0.00899083601358 -0.0417394542453 -0.0185975567316
0.010033
4
-3.45152347443 -0.999894531588 0.00136406888731 0.0156799704106
-0.380028455103 0.0120531729888 0.14192870332 0.0749218280064
0.1 6.91586293454e-16 7.58220188546e-13 -4.58002234275e-11
-3.01299979822 0.00814765060861 -0.0422992388337 -0.0225757252728
0.010033
4
-3.46155556307 -0.999862423992 0.00183603442811 0.0166271355383
-0.379893158778 0.0149238259948 0.144183842848 0.0884633090273
0.1 2.07475930674e-15 -6.20361954972e-13 3.20601550278e-11
-3.01292233134 0.00729203080466 -0.042978765906 -0.0266480804941
0.010033
4
-3.47158728125 -0.999820559606 0.0023365095523 0.0177566279653
-0.379728819631 0.0178438215748 0.146846579641 0.101689944138
0.1 -6.91586447791e-16 3.44645519229e-13 -1.37400659101e-11
-3.01285352167 0.00642154533243 -0.0437808704756 -0.0306282232347
0.010033
4
-3.48161852803 -0.999768311276 0.00287098229464 0.0190695191759
-0.37953490188 0.0208212437393 0.149907436884 0.114522739464
0.1 2.07475915292e-15 -6.89291032325e-14 -1.37400644517e-11
-3.01279353061 0.00553376232563 -0.0447027769602 -0.0344925014914
0.010033
4
-3.49164919563 -0.999704941399 0.00344497294222 0.0205716164642
-0.379310789665 0.0238639624781 0.153354560054 0.12706988925
0.1 -3.45793174398e-15 -4.82503688916e-13 3.89301815783e-11
-3.01274254365 0.00462631275656 -0.0457409978552 -0.0382734566515
0.010033
4
-3.50167916832 -0.999629599844 0.004064176582 0.0222706434699
-0.379055789248 0.0269796425787 0.157179351269 0.139398842728
0.1 -1.38317285958e-15 6.89290961873e-13 -5.03802316984e-11
-3.01270076973 0.00369688775144 -0.0468930251501 -0.0419914355818
0.010033
4
-3.51170832125 -0.999541319866 0.00473452078295 0.0241735072015
-0.378769130787 0.0301757966721 0.161375242868 0.15150366273
0.1 -2.76634512974e-15 -8.27149108969e-13 7.0990320502e-11
-3.01266844074 0.00274322261784 -0.0481569632743 -0.0456447761902
0.010033
4
-3.5217365193 -0.999439013688 0.00546214101578 0.0262900648533
-0.378449969726 0.0334598038095 0.165935488489 0.163404367933
0.1 2.07475854554e-15 1.30965268409e-12 -8.47303756368e-11
-3.01264581109 0.00176309120169 -0.0495308666306 -0.049239554997
0.010033
4
-3.5317636158 -0.999321467436 0.00625346945377 0.0286186466492
-0.378097388135 0.0368389137166 0.170853944337 0.174924924686
0.1 2.76634562905e-15 -1.2407235199e-12 5.7250248927e-11
-3.01263315733 0.000754304553774 -0.0510129725273 -0.0527232088247
0.010033
4
-3.54178945128 -0.999187338671 0.00711488801256 0.0312002562595
-0.377710396137 0.0403201996774 0.176119168034 0.18659293414
0.1 -4.84110406805e-15 4.82503560872e-13 -1.3740058855e-11
-3.01263077774 -0.000285275031528 -0.0525999361289 -0.0562536243717
0.010033
4
-3.55181385211 -0.999035144504 0.00805401281754 0.0339158365931
-0.377287933508 0.04391066471 0.181735597958 0.196298651922
0.1 6.9158619545e-16 6.89290701593e-14 4.58001764057e-12
-3.0126389919 -0.00135776582451 -0.0542931649787 -0.0591998346423
0.010033
4
-3.56183662918 -0.998863285172 0.00907487639063 0.0372420390398
-0.37682887144 0.047616763758 0.18764416939 0.211765490279
0.1 3.45793082957e-15 2.06787181386e-13 -2.97701128095e-11
-3.01265814011 -0.00246512378966 -0.0560750745758 -0.0638720766581
0.010033
4
-3.57185757642 -0.998669936043 0.0101958584222 0.0394297152171
-0.376332014505 0.0514460990285 0.194018291636 0.204009157894
0.1 -1.38317177681e-15 -6.89290541447e-13 4.80901740814e-11
-3.01268858287 -0.00360964972822 -0.0579976183488 -0.061600825021
0.010033
4
-3.58187646942 -0.99845343191 0.0113826893978 0.0470328031142
-0.375796102815 0.0554009991759 0.200158949425 0.281030044002
0.1 -6.91586694922e-16 7.58219487661e-13 -3.20601104812e-11
-3.01273070026 -0.00479206876386 -0.0598517977882 -0.0846905109439
0.010033
4
-3.59189306388 -0.998210815937 0.0127983727767 0.0490705273044
-0.375219814402 0.0595023822915 0.20861792988 0.250776950652
0.1 4.8411025011e-15 -2.06787114735e-13 -1.6030052861e-11
-3.0127848912 -0.00601866812265 -0.0624009749743 -0.0757113938407
0.010033
4
-3.60190708005 -0.997939176587 0.0142753915567 0.0475289977766
-0.374601554542 0.0637643722092 0.216166295183 0.183011269405
0.1 -4.1495166806e-15 -6.89290369167e-13 6.41202211698e-11
-3.01285163654 -0.00729370918484 -0.0646798816156 -0.0554795864894
0.010033
4
-3.61191822315 -0.997638364037 0.0157060103545 0.0571489278262
-0.373939841441 0.0681573666656 0.221674918854 0.271759065236
0.1 1.38317354567e-15 1.24072284413e-12 -7.09902625195e-11
-3.01293138373 -0.00860837007384 -0.0663498124586 -0.0820930283798
0.010033
4
-3.62192619321 -0.997305938622 0.0174261880322 0.0602776922923
-0.373233407996 0.0726877019735 0.229854842704 0.257844388831
0.1 4.84110215742e-15 -8.96077784671e-13 2.97701163101e-11
-3.01302451629 -0.00996457795784 -0.0688208053587 -0.0779925246609
0.010033
4
-3.63193065034 -0.996938050235 0.01924054101 0.0654668887521
-0.372480711025 0.0773779777366 0.237615935024 0.270665447893
0.1 -4.14951769568e-15 -2.97789819092e-20 1.60300764335e-11
-3.01313150068 -0.0113691317447 -0.0711683731569 -0.0818943957978
0.010033
4
-3.64193122701 -0.996532186859 0.0212110880396 0.0704376847116
-0.371680160979 0.0822278635454 0.245762938868 0.275699960994
0.1 6.91587161073e-16 4.82503722917e-13 -4.12202093727e-11
-3.01325281764 -0.0128219714062 -0.0736333865622 -0.083469745881
0.010033
4
-3.65192752654 -0.996085280187 0.0233312552093 0.0758332786711
-0.370830125488 0.0872427516567 0.254061479747 0.282505446408
0.1 -2.07476085701e-15 -7.58220400767e-13 5.49603064479e-11
-3.01338896108 -0.0143247510255 -0.076145817452 -0.0855787829461
0.010033
4
-3.66191912148 -0.995594199584 0.0256138288072 0.0814753963476
-0.369928932021 0.092426217596 0.262564863546 0.288356797399
0.1 -6.91584881775e-16 8.96078959997e-13 -5.95403654741e-11
-3.01354043739 -0.0158785832413 -0.0787217296889 -0.0874058222222
0.010033
4
-3.67190555184 -0.995055611684 0.028066229068 0.0872783261478
-0.368974869568 0.0977820835546 0.271244370696 0.292734510553
0.1 -6.91588695431e-16 -8.96079340097e-13 5.49603710068e-11
-3.01370776487 -0.0174846566964 -0.0813526351012 -0.0887930663929
0.010033
4
-3.68188632352 -0.994466060109 0.0306932963016 0.0930683674817
-0.367966192187 0.103313438512 0.280055644637 0.294422933196
0.1 -2.07475901192e-15 7.5822128859e-13 -3.43502510456e-11
-3.01389147278 -0.0191439420452 -0.0840252958359 -0.0893741493399
0.010033
4
-3.69186090743 -0.99382204382 0.0334946424372 0.0988470484367
-0.366901128643 0.109022114222 0.288917737832 0.29408562542
0.1 2.76634768754e-15 -2.75716940133e-13 1.14500916669e-11
-3.01409209836 -0.0208570336558 -0.0867154464709 -0.0893480493584
0.010033
4
-3.70182873937 -0.993120069105 0.0364699253893 0.10477127603
-0.365777896805 0.114908518479 0.297769675868 0.293370671297
0.1 6.91587466598e-16 6.89292893239e-14 -4.58004144563e-12
-3.01431018262 -0.0226240990609 -0.0894048108198 -0.0892109443562
0.010033
4
-3.71178921999 -0.99235660174 0.0396235259419 0.110939672399
-0.364594714928 0.120972333246 0.306600091475 0.293030387656
0.1 6.91587271523e-16 -6.89293087667e-14 -4.58004964945e-12
-3.01454626688 -0.0244450888953 -0.0920900475953 -0.089189645094
0.010033
4
-3.72174171393 -0.991527989815 0.0429627933759 0.117273186729
-0.363349804849 0.127213239572 0.31542026202 0.292394063702
0.1 -2.07476369336e-15 -2.06788113556e-13 2.06102272141e-11
-3.01480089187 -0.0263199552398 -0.0947746424826 -0.089082064487
0.010033
4
-3.73168554852 -0.990630457826 0.046492697537 0.123616753312
-0.362041391153 0.133630942236 0.324221276565 0.290502861118
0.1 1.37589268816e-21 4.13576428713e-13 -9.16009917346e-12
-3.01507459798 -0.0282486590865 -0.0974559983738 -0.0885987980971
0.010033
4
-3.74162001288 -0.989660177379 0.0502135408035 0.129863504322
-0.360667703257 0.140224677627 0.332965363314 0.286978438046
0.1 5.53270560901e-15 1.37859000319e-13 -3.20604262546e-11
-3.01536792465 -0.0302310219092 -0.100122807139 -0.0876251129692
0.010033
4
-3.75154435779 -0.988613346296 0.0541224088417 0.135977915199
-0.359226982428 0.14699280992 0.341603362497 0.281986830417
0.1 -1.38317984077e-15 -8.27154042674e-13 5.49607704183e-11
-3.01568140827 -0.0322666036157 -0.102760307223 -0.0862103948222
0.010033
4
-3.76145779623 -0.987486231612 0.0582153180325 0.141982135632
-0.357717491133 0.153932766966 0.350091112057 0.275996563865
0.1 -1.38317409767e-15 8.2715461508e-13 -5.95409063229e-11
-3.01601557939 -0.0343546828148 -0.105355223587 -0.0844953962711
0.010033
4
-3.77135950412 -0.986275173619 0.0624889514576 0.147908797071
-0.356137521622 0.161041231935 0.358398552534 0.269419955833
0.1 -2.76635957619e-15 -9.65014563756e-13 6.4121050203e-11
-3.01637096012 -0.0364943142394 -0.107898517841 -0.0826041822885
0.010033
4
-3.78124862098 -0.98497656932 0.0669409743991 0.153618298288
-0.354485402034 0.168314409332 0.366508035188 0.261678062686
0.1 -2.76635279461e-15 9.65015239666e-13 -3.66406284127e-11
-3.0167480623 -0.0386844087225 -0.11038488594 -0.0803614354452
0.010033
4
-3.79112425056 -0.983586904733 0.0715648501745 0.158668500317
-0.352759500956 0.175747974681 0.374384485249 0.25087813944
0.1 5.53271537411e-15 -1.37859326712e-13 -1.14502297618e-11
-3.01714738613 -0.0409237177196 -0.112803746836 -0.0771942711764
0.010033
4
-3.80098546249 -0.982102930576 0.0763407338364 0.162656383564
-0.350958235806 0.183336328088 0.381935856851 0.235846080344
0.1 -6.91591898274e-16 -4.8250848603e-13 3.89307912251e-11
-3.01756941764 -0.0432106073562 -0.115127275815 -0.0727457634248
0.010033
4
-3.81083129625 -0.980521917495 0.0812366496906 0.165733216969
-0.349080090636 0.191071668079 0.389034763998 0.218241503256
0.1 1.38318321275e-15 6.89298447083e-13 -4.80910363722e-11
-3.01801462329 -0.045542777633 -0.117316904827 -0.0675153936534
0.010033
4
-3.82066076705 -0.978841732091 0.086225175264 0.168419081457
-0.347123638912 0.198944138244 0.395603774967 0.200919560063
0.1 6.91587082388e-16 -7.58228905497e-13 3.66408273945e-11
-3.01848344312 -0.0479173054832 -0.119349100147 -0.0623655937461
0.010033
4
-3.83047287098 -0.977060634168 0.0912945424315 0.17088584965
-0.345087557895 0.206943190687 0.401651397435 0.18460869441
0.1 -3.45795198441e-15 3.44649733776e-13 -1.14502687841e-11
-3.01897628632 -0.0503310560681 -0.121226287046 -0.0575168116759
0.010033
4
-3.8402665877 -0.975177067767 0.0964381564111 0.172778190931
-0.342970629082 0.215058668255 0.407208065019 0.167781598339
0.1 0.0 0.0 1.14502979016e-11
-3.0194935311 -0.0527810098005 -0.122957526217 -0.0525067665315
0.010033
4
-3.8500408823 -0.97318971657 0.101638727097 0.173682555295
-0.340771734352 0.223280563275 0.412258239797 0.14905092538
0.1 3.45795783673e-15 3.44650463638e-13 -3.89310466602e-11
-3.02003552582 -0.0552641893103 -0.124537963825 -0.0469144139374
0.010033
4
-3.85979470887 -0.97109773609 0.106866516701 0.173438486587
-0.338489858951 0.231598137353 0.416744625185 0.128275228119
0.1 -1.38318644309e-15 -8.27161642984e-13 6.41217899422e-11
-3.02060258807 -0.0577773926873 -0.125950072744 -0.0406953936668
0.010033
4
-3.86952701621 -0.968900927019 0.112086957822 0.172036616232
-0.336124101764 0.239999459699 0.420605667153 0.105882695182
0.1 1.38318786825e-15 1.10288304054e-12 -8.01523258109e-11
-3.02119500148 -0.0603170529354 -0.127174990643 -0.0339779309181
0.010033
4
-3.87923675468 -0.966599786503 0.117265201135 0.169461618815
-0.333673687127 0.248471493724 0.423792700067 0.0821968436377
0.1 -6.91596753754e-16 -1.30967455505e-12 8.93126836341e-11
-3.02181301215 -0.0628792633011 -0.128197714743 -0.0268588377988
0.010033
4
-3.88892288319 -0.964195515599 0.122365936091 0.165666068171
-0.331137974731 0.257000324061 0.426266796069 0.0573741769341
0.1 4.50640203142e-21 1.37860572093e-12 -8.47326244554e-11
-3.02245682557 -0.0654598452344 -0.129006156288 -0.0193843934745
0.010033
4
-3.89858437635 -0.961690038224 0.127352424683 0.160596987163
-0.328516467626 0.265571301519 0.427993737994 0.0315240331137
0.1 2.07477416795e-15 -1.17181555634e-12 6.18319649224e-11
-3.02312660414 -0.0680543916012 -0.129589619504 -0.0115867183368
0.010033
4
-3.90822023186 -0.959086031467 0.13218633436 0.154210230357
-0.325808819152 0.274169123368 0.428942599685 0.00475997545654
0.1 -2.76636913043e-15 6.89303627046e-13 -2.51908151498e-11
-3.02382246499 -0.0706582903591 -0.129938375423 -0.00349925866901
0.010033
4
-3.91782947822 -0.956386954925 0.13682800385 0.146473633461
-0.323014839164 0.282777900651 0.429085873142 -0.0227945171535
0.1 3.45796425806e-15 -6.89303619461e-14 -1.37404624165e-11
-3.02454447805 -0.073266744357 -0.130043701783 0.00484139690815
0.010033
4
-3.92741118273 -0.95359707374 0.141236803773 0.137368169015
-0.320134499558 0.291381229761 0.42839976696 -0.0510074769176
0.1 -2.07477982937e-15 -4.8251298571e-13 2.51908494529e-11
-3.0252926643 -0.0758747924835 -0.129897977601 0.0133959729364
0.010033
4
-3.9369644596 -0.950721474062 0.14537153204 0.126888877209
-0.317167939048 0.299962269576 0.426864461815 -0.0797400977142
0.1 -4.1495583223e-15 2.75721749936e-13 -6.87023262526e-12
-3.02606699418 -0.0784773325746 -0.129494764045 0.0221229699053
0.010033
4
-3.94648847824 -0.947766070292 0.149190837272 0.115045575751
-0.314115467153 0.308503823224 0.424464316277 -0.108848584131
0.1 -6.91593124712e-16 6.89304536151e-14 -4.58015705725e-12
-3.02686738638 -0.0810691458047 -0.128828871363 0.0309792232609
0.010033
4
-3.95598247161 -0.944737603619 0.152653663572 0.101863286514
-0.310977567338 0.31698842341 0.421188016973 -0.138186140871
0.1 -6.91593200621e-16 -6.89304611809e-14 6.87023584438e-12
-3.02769370674 -0.0836449222508 -0.127896409004 0.0399204737798
0.010033
4
-3.96544574439 -0.941643631501 0.155719708152 0.0873824028009
-0.307754899293 0.325398420165 0.417028668862 -0.167605064032
0.1 -6.32270833229e-23 1.37860916744e-13 1.14503889833e-11
-3.02854576747 -0.0861992872899 -0.126694818553 0.0489020191555
0.010033
4
-3.97487768114 -0.938492507912 0.158349883988 0.0716585539322
-0.304448300318 0.333716069763 0.411983822585 -0.196958859992
0.1 6.22433768008e-15 4.82513105871e-13 -4.80916270675e-11
-3.02942332667 -0.0887268284606 -0.125222887078 0.0578793259013
0.010033
4
-3.98427775411 -0.935293354356 0.160506778399 0.0547623816378
-0.301058785825 0.341923623558 0.406055438032 -0.226103810202
0.1 1.3831876087e-15 -9.6502603528e-13 4.80916116376e-11
-3.03032608806 -0.091222122407 -0.123480742035 0.0668085106144
0.010033
4
-3.99364553073 -0.932056021736 0.1621551049 0.0367811622555
-0.297587548944 0.350003415606 0.399249800817 -0.254895605425
0.1 -3.45796559355e-15 4.8251287001e-13 -1.37404569209e-11
-3.03125370099 -0.0936797615759 -0.121469831711 0.0756453170643
0.010033
4
-4.00298068075 -0.928791042673 0.163262203891 0.0178281722709
-0.294035959263 0.357937949636 0.391577540069 -0.28316810996
0.1 2.0747780573e-15 6.89303442496e-14 -9.16029107043e-12
-3.03220576077 -0.0960943808297 -0.119192936447 0.0843386280729
0.010033
4
-4.01228298273 -0.925509570949 0.163798825237 -0.0019442253627
-0.29040556067 0.365709992789 0.383054285417 -0.310708036756
0.1 6.91593203786e-16 -2.06791005475e-13 -2.29006273549e-12
-3.03318180921 -0.0984606862445 -0.116654375151 0.0928227093656
0.010033
4
-4.02155232992 -0.922223301295 0.163740304759 -0.0223748805441
-0.286698068162 0.373302690186 0.373702086254 -0.337329916551
0.1 -4.14955285385e-15 -2.75721062845e-13 3.43510192562e-11
-3.03418133549 -0.100773490395 -0.113860445281 0.101040074769
0.010033
4
-4.03078873515 -0.918944374719 0.163066828727 -0.0433726124714
-0.282915363445 0.380699685345 0.363548574459 -0.363039687139
0.1 6.91588940009e-16 7.58232529931e-13 -4.12211897101e-11
-3.03520377745 -0.103027749562 -0.110819174583 0.108991431431
0.010033
4
-4.03999233497 -0.915685302315 0.161761327819 -0.0648949589944
-0.27905948956 0.387885174386 0.35262120315 -0.387957168403
0.1 3.45796090668e-15 -4.82511283293e-13 1.37403888723e-11
-3.03624852313 -0.105218580879 -0.107538569506 0.11671222017
0.010033
4
-4.04916339305 -0.912458924904 0.159808010715 -0.0868529700455
-0.275132645485 0.394843868053 0.340943818888 -0.412106671712
0.1 -2.07477395308e-15 -6.89300587864e-14 1.14502919312e-11
-3.03731491234 -0.107341251414 -0.104025569737 0.12420868796
0.010033
4
-4.05830230336 -0.909278373362 0.157193763379 -0.109280270636
-0.271137181234 0.401560948184 0.328539536478 -0.435770243871
0.1 -1.40969659161e-21 2.75720160566e-13 -1.14502849049e-11
-3.0384022381 -0.109391165576 -0.100286926931 0.131565857787
0.010033
4
-4.06740959293 -0.90615705191 0.153904459604 -0.131933504012
-0.267075593474 0.408021975193 0.315422981222 -0.458656764412
0.1 2.07477254953e-15 -6.89300232322e-14 -4.58009710096e-12
-3.03950974791 -0.11136383756 -0.0963268335845 0.138693697836
0.010033
4
-4.07648592438 -0.903108574781 0.149933298095 -0.152511405414
-0.262950521998 0.414212890812 0.301617541107 -0.47642831448
0.1 -6.91589219758e-16 -2.06789662851e-13 6.87015117086e-12
-3.04063664476 -0.11325489285 -0.0921521921349 0.144264587501
0.010033
4
-4.08553209524 -0.900145997762 0.145342744996 -0.170206848063
-0.258764740951 0.420121416044 0.287277174435 -0.488371219286
0.1 -2.76635990037e-15 7.63054593876e-20 9.16017112727e-12
-3.04178208979 -0.115060496354 -0.0878098660817 0.148054298044
0.010033
4
-4.09454902679 -0.897280879472 0.140219560914 -0.206412443182
-0.254521131515 0.425738576721 0.272577321371 -0.535493071593
0.1 -1.55981241313e-21 2.75718964521e-13 -2.06103654591e-11
-3.04294521057 -0.116777821049 -0.0833534682824 0.162608099652
0.010033
4
-4.10353776921 -0.894529498092 0.134006593884 -0.231633861424
-0.250222688646 0.431046534924 0.256459103171 -0.55993734476
0.1 -6.91587189317e-16 -3.44648291897e-13 3.43505432099e-11
-3.04412509906 -0.118401327085 -0.0784590019105 0.17023595256
0.010033
4
-4.11249956253 -0.891910404621 0.127034463837 -0.237663380402
-0.245872634326 0.4360236774 0.239605107982 -0.548995855078
0.1 2.76635140109e-15 6.89295765263e-13 -5.72508173495e-11
-3.0453207769 -0.119924315517 -0.0733349358837 0.167030545054
0.010033
4
-4.12143579063 -0.889433037163 0.119880842625 -0.260373734273
-0.241474326183 0.440665925534 0.223080440246 -0.57038379039
0.1 -6.9158294294e-16 -1.03394262637e-12 6.41208275921e-11
-3.04653122337 -0.121345450532 -0.0683073491847 0.173713128575
0.010033
4
-4.13034791044 -0.887106075425 0.112043640054 -0.279252414633
-0.237031123835 0.444970123872 0.205911990745 -0.584987426466
0.1 -2.07476875788e-15 8.96082751266e-13 -4.58005295169e-11
-3.04775541626 -0.122663681832 -0.063078615259 0.178318100534
0.010033
4
-4.1392374957 -0.884942079584 0.103638188352 -0.290428090867
-0.232546477051 0.448925402331 0.188303965524 -0.586658940246
0.1 2.07476549715e-15 -4.82505646319e-13 1.37401487729e-11
-3.04899230495 -0.123875600383 -0.0577112697923 0.17895343638
0.010033
4
-4.14810623062 -0.882950126368 0.0948963464851 -0.300838092574
-0.228023917932 0.452526845178 0.170645619632 -0.58856773636
0.1 -3.4579368331e-15 -6.89292342124e-14 2.74802230712e-11
-3.05024081279 -0.124979623417 -0.0523247982645 0.179643955489
0.010033
4
-4.15695587401 -0.881136734994 0.0858411612826 -0.33774771462
-0.223467002109 0.455773370502 0.152929811733 -0.638567217266
0.1 3.45793263329e-15 7.58221699988e-13 -6.41204687236e-11
-3.05149985521 -0.125975350326 -0.0469175399165 0.195077592152
0.010033
4
-4.1657882755 -0.879516196289 0.0756749974431 -0.36119719823
-0.218879345007 0.458649301447 0.133709018602 -0.665121948111
0.1 -6.91582541075e-16 -1.17179636465e-12 9.16005734125e-11
-3.05276832864 -0.126857911445 -0.0410457288653 0.203338096681
0.010033
4
-4.17460546803 -0.878106739032 0.0648030030229 -0.359304933842
-0.214264792841 0.461131518053 0.113688923916 -0.649098023508
0.1 3.45792822083e-15 1.58537043486e-12 -1.19080636876e-10
-3.0540450581 -0.127620150962 -0.0349252753752 0.198513487768
0.010033
4
-4.18340961435 -0.87691487383 0.0539879621633 -0.365170119573
-0.209627333588 0.46321683945 0.0941511414231 -0.649005715799
0.1 -6.91581354374e-16 -1.99894425748e-12 1.16790546626e-10
-3.05532882448 -0.128261031064 -0.0289500401942 0.198556568991
0.010033
4
-4.1922028992 -0.875941800768 0.0429963770484 -0.375004560627
-0.204970917222 0.464910132298 0.0746161324426 -0.657799912614
0.1 -5.53269330885e-15 1.51643984721e-12 -7.32803033297e-11
-3.05661841977 -0.128781995637 -0.0229735067617 0.201317481538
0.010033
4
-4.20098753908 -0.875192261357 0.031708773975 -0.38199190626
-0.200299486028 0.466208768256 0.0548164150661 -0.663727593171
0.1 2.76634566225e-15 -6.89290599649e-13 3.20601182986e-11
-3.05791263789 -0.12918219776 -0.0169138689281 0.203184160859
0.010033
4
-4.2097658032 -0.87467133596 0.0202108507952 -0.387675117996
-0.195617023725 0.467108301021 0.0348382721958 -0.669582823882
0.1 -1.38317241909e-15 2.75716174815e-13 -4.58001650935e-12
-3.05921025965 -0.12946023981 -0.0107980433448 0.205014590986
0.010033
4
-4.21854000469 -0.874382851212 0.00854186242721 -0.391442066546
-0.190927552789 0.467605171946 0.0146838856474 -0.674390444437
0.1 2.76634415474e-15 1.37858064011e-13 -2.74800895523e-11
-3.06051005369 -0.129615005197 -0.00462712144027 0.206508597855
0.010033
4
-4.22731249047 -0.874329661134 -0.00324051113416 -0.393362347022
-0.186235130193 0.467696160735 -0.0056152104939 -0.678338671818
0.1 -2.76634435331e-15 -6.89290339995e-13 4.80901602762e-11
-3.06181077786 -0.129645489904 0.00158877013478 0.207723568853
0.010033
4
-4.2360856304 -0.874513483285 -0.0150806846896 -0.393358966406
-0.181543842235 0.467378623098 -0.0260331474533 -0.681335536242
0.1 -2.07475766002e-15 7.5821943894e-13 -3.20601113829e-11
-3.06311118089 -0.129550875813 0.0078412320834 0.208630988084
0.010033
4
-4.24486180592 -0.874934896526 -0.0269207555741 -0.391408311914
-0.176857799034 0.466650461684 -0.0465412881954 -0.683355747344
0.1 3.45793049407e-15 -2.06787142216e-13 -2.29001254959e-12
-3.06441000421 -0.129330521982 0.0141210067894 0.209222986
0.010033
4
-4.25364339842 -0.87559331064 -0.0387021104261 -0.387484314357
-0.17218112883 0.465510161494 -0.0671102344967 -0.684342272026
0.1 -1.38317298852e-15 -2.75716313215e-13 2.51901143317e-11
-3.06570598371 -0.128983975636 0.0204185997792 0.209482167503
0.010033
4
-4.26243277749 -0.876486951336 -0.0503653512774 -0.38157429072
-0.167517972028 0.463956814726 -0.0877088715192 -0.684232634596
0.1 6.915874303e-16 4.82503722116e-13 -2.29001135562e-11
-3.06699785176 -0.128510979789 0.0267239930122 0.209389642075
0.010033
4
-4.27123228896 -0.877612848553 -0.0618506985001 -0.373675971245
-0.16287247492 0.461990156867 -0.108304204016 -0.682952584964
0.1 3.45793222404e-15 -2.0678735967e-13 -5.43736182173e-18
-3.06828433917 -0.127911484206 0.0330265998769 0.208923125463
0.010033
4
-4.28004424289 -0.878966831949 -0.0730983042661 -0.363799689907
-0.158248783024 0.459610607968 -0.128861001947 -0.680418949333
0.1 -6.91587321171e-16 -2.06787523334e-13 9.16005934227e-12
-3.06956417735 -0.127185657828 0.0393151630478 0.208057808397
0.010033
4
-4.2888709015 -0.880543533351 -0.0840486319347 -0.351969342001
-0.153651033985 0.456819320172 -0.149341531902 -0.676540464992
0.1 -2.07476059907e-15 6.89291802356e-14 -4.58003499002e-12
-3.07083610056 -0.126333902996 0.04557767849 0.206766608927
0.010033
4
-4.29771446728 -0.882336397103 -0.0946428642572 -0.338223681323
-0.149083349958 0.45361823038 -0.169705313648 -0.671219603778
0.1 -2.07476169101e-15 -6.89292890665e-14 1.83201643527e-11
-3.07209884834 -0.125356871112 0.0518013270586 0.205020747257
0.010033
4
-4.30657707109 -0.884337698995 -0.104823350621 -0.3226175324
-0.144549829455 0.450010117246 -0.189908931553 -0.66435457403
0.1 2.0747637728e-15 4.82505142292e-13 -3.66403541875e-11
-3.07335116813 -0.124255479507 0.0579724233983 0.202790353879
0.010033
4
-4.31546076062 -0.886538574542 -0.114534090776 -0.305222926516
-0.140054538597 0.445998661358 -0.20990590627 -0.655841719652
0.1 6.9158551202e-16 -6.20364116045e-13 3.20603357157e-11
-3.07459181794 -0.123030929146 0.0640763831482 0.20004519282
0.010033
4
-4.32436748911 -0.888929057301 -0.123721252742 -0.286130063448
-0.135601501752 0.441588507258 -0.229646638631 -0.645578206431
0.1 -2.074762388e-15 3.44646934317e-13 -1.832021041e-11
-3.07581956939 -0.121684722777 0.0700977119127 0.196755502062
0.010033
4
-4.33329910456 -0.891498127877 -0.132333719667 -0.265448078517
-0.131194691551 0.436785325787 -0.249078434379 -0.63346501094
0.1 -6.91588730994e-16 -2.06788326665e-13 2.29002918749e-11
-3.07703321075 -0.12021868304 0.0760200195282 0.192892869196
0.010033
4
-4.34225733944 -0.894233774134 -0.140323659757 -0.243305460624
-0.126838018288 0.431595875026 -0.268145618872 -0.619410116943
0.1 2.07476628398e-15 4.82506397742e-13 -3.20604313405e-11
-3.07823155026 -0.118634970032 0.0818260606843 0.188431209476
0.010033
4
-4.35124380107 -0.89712306296 -0.14764710879 -0.219850124835
-0.122535318716 0.426028057977 -0.286789747986 -0.603331883764
0.1 2.07476413231e-15 -4.82506612195e-13 1.37401890193e-11
-3.07941341963 -0.116936097763 0.0874978049815 0.183347780105
0.010033
4
-4.36025996283 -0.900152223752 -0.154264554805 -0.195249035674
-0.118290344297 0.420090974985 -0.304949920389 -0.585162513982
0.1 -3.45794340074e-15 -6.89295940374e-14 1.83202781842e-11
-3.08057767762 -0.115124948891 0.0930165375168 0.177624201904
0.010033
4
-4.36930715618 -0.903306743509 -0.160141511453 -0.169687641321
-0.114106748961 0.413794968866 -0.322563194201 -0.564852110464
0.1 6.91589702473e-16 4.82507089368e-13 -2.2900353013e-11
-3.08172321383 -0.113204787145 0.0983629902184 0.171247679148
0.010033
4
-4.37838656373 -0.906571473256 -0.165249074314 -0.143372792036
-0.109988076453 0.407151660431 -0.339565125744 -0.542381194964
0.1 3.45794423587e-15 -2.06788793624e-13 4.58007120008e-12
-3.08284895257 -0.111179266731 0.103517509895 0.164214781466
0.010033
4
-4.38749921349 -0.909930746523 -0.16956456506 -0.116557450368
-0.105937747402 0.400173969446 -0.355890685107 -0.517822403616
0.1 6.91588923004e-16 -6.8929618275e-14 -2.29003756595e-12
-3.08395385679 -0.109052437233 0.108460340118 0.15655024793
0.010033
4
-4.39664597429 -0.913368518191 -0.173072919389 -0.0896098177062
-0.101959046324 0.392876098568 -0.371477028716 -0.491514278883
0.1 -1.38317807397e-15 -1.3785925927e-13 2.51904090889e-11
-3.08503693205 -0.106828737179 0.113172469102 0.148359930943
0.010033
4
-4.40582755286 -0.916868552085 -0.175770155667 -0.0629798770388
-0.0980551092478 0.385273409184 -0.386271503006 -0.46404157069
0.1 3.45794486087e-15 6.20366647154e-13 -6.18309961172e-11
-3.08609723023 -0.104512954606 0.117638071178 0.13982449216
0.010033
4
-4.41504449313 -0.920414668041 -0.177665836513 -0.0367337462922
-0.0942289133708 0.377382142585 -0.400239055161 -0.435216735063
0.1 -2.76635466251e-15 -1.24073312839e-12 7.78612353144e-11
-3.08713385268 -0.102110140534 0.121846758524 0.130888354303
0.010033
4
-4.42429717774 -0.923990897765 -0.178771514538 -0.0101070060812
-0.0904832692285 0.369219300027 -0.413338987197 -0.402820525235
0.1 -4.14953507037e-15 1.10287365107e-12 -6.18309530133e-11
-3.08814595252 -0.0996255711935 0.125786470413 0.120876753226
0.010033
4
-4.43358582952 -0.927581273937 -0.179075733341 0.0172216422665
-0.0868208104495 0.360803369585 -0.425463802103 -0.365379449529
0.1 -6.91587019825e-16 -7.58225309473e-13 5.72508379579e-11
-3.08913273769 -0.0970649685957 0.129424835808 0.109343679704
0.010033
4
-4.44291050964 -0.931169502307 -0.178557365335 0.0439567352772
-0.0832439728714 0.352155441372 -0.436461650835 -0.32506380604
0.1 1.38317433091e-15 9.65013521979e-13 -5.95408250331e-11
-3.09009347726 -0.0944348390056 0.132716058812 0.096955940768
0.010033
4
-4.45227111495 -0.934739255882 -0.177234275965 0.0669992402415
-0.0797549676609 0.343298997151 -0.446246009561 -0.289979392895
0.1 2.76635627429e-15 -8.27153985278e-13 3.43504504302e-11
-3.0910275095 -0.0917424062756 0.135634414185 0.0861794316613
0.010033
4
-4.46166738338 -0.93827550203 -0.175217610876 0.0906612607234
-0.0763557698988 0.334256807 -0.454974337167 -0.247617810641
0.1 -3.45794127776e-15 2.06788398581e-13 2.29001639399e-12
-3.09193424525 -0.0889946657853 0.138228399588 0.0732185633969
0.010033
4
-4.47109890881 -0.941764136138 -0.172488722129 0.10288681541
-0.0730481294596 0.325052258919 -0.462427591751 -0.235311766643
0.1 1.3831743526e-15 2.75717508084e-13 -3.43503403109e-11
-3.09281316448 -0.0861987860138 0.14043226607 0.0693858852284
0.010033
4
-4.48056515389 -0.945194320261 -0.169391844844 0.157214829498
-0.0698335772462 0.315701861885 -0.469510439657 -0.0897109717635
0.1 -3.45793368018e-15 -7.58222440638e-13 5.49604791511e-11
-3.09366381426 -0.0833598384178 0.142520770521 0.0251545917735
0.010033
4
-4.49006545302 -0.948545955249 -0.164659700383 0.0379156294214
-0.0667134046405 0.30625330325 -0.472210727406 -0.462797178384
0.1 -2.07476599307e-15 8.96080323396e-13 -3.43502690293e-11
-3.09448581492 -0.080492338162 0.143277920228 0.138224211845
0.010033
4
-4.49959902897 -0.951838662378 -0.163518444648 0.294828162023
-0.0636886792961 0.296637881967 -0.48614086497 0.301428746232
0.1 5.53269483537e-15 -1.37858506144e-13 -6.8700252051e-12
-3.09527885508 -0.0775754959368 0.147438451829 -0.0935583150664
0.010033
4
-4.5091652728 -0.9550308824 -0.154644148467 0.0880763803468
-0.0607610570334 0.286973721739 -0.477067891909 -0.327503065234
0.1 6.91588178354e-16 -3.44645530914e-13 1.37400608986e-11
-3.09604244543 -0.0746451628928 0.144622356541 0.0971254427084
0.010033
4
-4.51876286607 -0.958107466533 -0.151993057316 0.23273866885
-0.057930118467 0.277301681464 -0.486925704807 0.121103634049
0.1 -2.07475873751e-15 6.89290701204e-14 1.14500433685e-11
-3.09677672617 -0.071713750884 0.147545823657 -0.0388656236227
0.010033
4
-4.52839091667 -0.961087164636 -0.144987642791 0.218048063667
-0.05519676111 0.267567306221 -0.48328049552 0.0991064782838
0.1 2.76634620941e-15 4.13574420737e-13 -3.43501573364e-11
-3.09748143838 -0.0687647437077 0.146375971627 -0.0321199946148
0.010033
4
-4.53804816957 -0.963930723382 -0.138424416655 0.202528742064
-0.0525607279243 0.25789943832 -0.480297399878 0.0576918457842
0.1 6.91583272075e-16 -6.20362072896e-13 2.74801532274e-11
-3.098156673 -0.0658371753722 0.145409162821 -0.0195473250146
0.010033
4
-4.54773330237 -0.96664726586 -0.132328324006 0.214159306105
-0.0500214382831 0.248278929048 -0.478560881725 0.116181182701
0.1 -3.45793308854e-15 2.06787488162e-13 4.58004828099e-12
-3.09880261872 -0.0629252122485 0.144820790508 -0.0372011418846
0.010033
4
-4.55744506054 -0.969237966765 -0.125882156041 0.2160506691
-0.0475784414292 0.238710934609 -0.475063842855 0.145987280562
0.1 2.07476322742e-15 3.44646360801e-13 -3.43503160321e-11
-3.0994194246 -0.0600303887325 0.143701040853 -0.0461539173741
0.010033
4
-4.56718215639 -0.971698742752 -0.119379061457 0.218199292474
-0.0452310620274 0.229222119852 -0.470669646356 0.181284438263
0.1 -1.38317808512e-15 -6.89293293695e-13 4.35104468657e-11
-3.10000730736 -0.0571607399008 0.142311814468 -0.0567535169628
0.010033
4
-4.57694328074 -0.974028374026 -0.11281129654 0.218067569691
-0.042978409602 0.219832145476 -0.465213012835 0.212679004379
0.1 -2.07476089666e-15 6.20364419683e-13 -3.89304462623e-11
-3.10056654842 -0.0543221704228 0.140603542395 -0.066157940489
0.010033
4
-4.58672711399 -0.976226251755 -0.106247499087 0.216497713229
-0.0408193892704 0.210561151836 -0.458811410299 0.242487480751
0.1 -1.38317805861e-15 -5.51435515424e-13 5.03806392371e-11
-3.10109749057 -0.0515207213466 0.138612199428 -0.075070523279
0.010033
4
-4.59653233653 -0.978292890071 -0.099730956348 0.213442960722
-0.0387527135697 0.201427621661 -0.451512580171 0.269926052936
0.1 2.76635605379e-15 9.65012782831e-13 -7.78610539657e-11
-3.1016005343 -0.0487619242284 0.136352590003 -0.0832559990364
0.010033
4
-4.60635763833 -0.980229685835 -0.093306363061 0.20910662998
-0.0367769152038 0.192448842947 -0.443387856348 0.295079545281
0.1 -1.38318043153e-15 -1.37859041186e-12 9.38913358478e-11
-3.10207613386 -0.0460509424964 0.133846599968 -0.090742126283
0.010033
4
-4.61620172768 -0.982038871356 -0.0870122941057 0.203632379711
-0.0348903605302 0.183640697888 -0.434506019338 0.31783756087
0.1 -6.91585699582e-16 1.44752056408e-12 -8.01511840438e-11
-3.10252479312 -0.0433925087894 0.131115279589 -0.0974974894717
0.010033
4
-4.62606333901 -0.983723409602 -0.0808830002561 0.197182799272
-0.0330912636066 0.175017655169 -0.424939172406 0.338178377392
0.1 4.14953103876e-15 -9.65014024459e-13 3.66405546434e-11
-3.10294706129 -0.0407909238589 0.12818062468 -0.103517474933
0.010033
4
-4.63594123976 -0.985286901709 -0.0749478383905 0.18991442987
-0.0313777006192 0.166592730081 -0.414760072522 0.356091036368
0.1 -4.14953290853e-15 1.37859164563e-13 1.83202892331e-11
-3.10334352851 -0.0382500456923 0.12506476989 -0.108800615068
0.010033
4
-4.64583423627 -0.986733490608 -0.0692314535556 0.181980886441
-0.0297476245198 0.158377474669 -0.404041806398 0.371593820745
0.1 4.14953382218e-15 6.89296059663e-13 -5.26708319647e-11
-3.10371482139 -0.0357732876807 0.121789894008 -0.113354164716
0.010033
4
-4.65574117876 -0.988067767357 -0.0637538670581 0.173528971349
-0.0281988797106 0.150381979948 -0.392856910364 0.384726479907
0.1 2.07476661208e-15 -8.96084930759e-13 3.89306168105e-11
-3.10406159855 -0.033363620369 0.118377957435 -0.117191742324
0.010033
4
-4.66566096533 -0.989294680418 -0.0585306815287 0.16469719951
-0.0267292166255 0.142614893436 -0.38127672426 0.395549182005
0.1 -4.14953362534e-15 2.75718444731e-13 2.29003510272e-12
-3.10438454622 -0.031023577762 0.114850510647 -0.120332972627
0.010033
4
-4.67559254517 -0.990419449498 -0.0535733303768 0.155614188314
-0.0253363060708 0.135083449337 -0.369370776868 0.404139483221
0.1 2.07476652878e-15 3.44648020875e-13 -3.664057123e-11
-3.1046843739 -0.0287552673643 0.111228513417 -0.12280258467
0.010033
4
-4.68553492078 -0.991447484872 -0.0488893757037 0.146397594467
-0.0240177532045 0.127793510127 -0.357206262555 0.410589750242
0.1 -2.07476593562e-15 -7.58225545462e-13 6.87010538506e-11
-3.10496181015 -0.0265603835754 0.107532181183 -0.124629614622
0.010033
4
-4.69548714957 -0.992384313018 -0.0444828382149 0.137153421087
-0.0227711110478 0.120749617873 -0.344847595505 0.415004485637
0.1 3.4579425079e-15 1.30966204799e-12 -9.38914118935e-11
-3.10521759851 -0.0244402239262 0.103780855411 -0.125846589284
0.010033
4
-4.70544834466 -0.993235509072 -0.0403545479867 0.127975612269
-0.021593893439 0.113955053686 -0.332356044444 0.417497754134
0.1 1.38317943044e-15 -1.51645045551e-12 7.32810797595e-11
-3.10545249363 -0.0223957076696 0.0999928985326 -0.126488781204
0.010033
4
-4.71541767504 -0.994006636448 -0.0365025074345 0.118945961522
-0.0204835873579 0.107411903716 -0.319789444832 0.418189949895
0.1 -6.91588714301e-15 6.8929551392e-13 -1.14501707203e-11
-3.10566725758 -0.0204273962547 0.0961856113005 -0.126593182789
0.010033
4
-4.72539436521 -0.994703193769 -0.0329222570365 0.110133291653
-0.0194376645611 0.101121129959 -0.307202008358 0.417195766866
0.1 3.45794193173e-15 3.44647593526e-13 -3.66404987175e-11
-3.10586265633 -0.0185355151486 0.092375181024 -0.126194963537
0.010033
4
-4.73537769428 -0.99533056938 -0.0296072657433 0.101590153565
-0.0184535925007 0.0950826412426 -0.294644494513 0.414576660014
0.1 -6.91587038466e-16 -7.58224502674e-13 4.35105752435e-11
-3.10603945653 -0.0167199756272 0.0885767364384 -0.125313099783
0.010033
4
-4.74536699467 -0.995894004702 -0.0265494207521 0.0933507238131
-0.0175288445959 0.0892953464178 -0.282165813078 0.410278702048
0.1 -2.76635405405e-15 5.51435832553e-13 -2.51903212308e-11
-3.10619842245 -0.014980391125 0.0848048351167 -0.123931768928
0.010033
4
-4.7553616505 -0.996398568034 -0.0237395805656 0.0854485670372
-0.0166609101951 0.0837571566247 -0.269816497105 0.40428378769
0.1 6.91588521669e-16 -2.06788356982e-13 1.60301926598e-11
-3.10634031298 -0.0133160781858 0.0810745109103 -0.122045875101
0.010033
4
-4.76536109578 -0.996849134103 -0.0211675934056 0.077948618642
-0.0158473047126 0.0784649635326 -0.257647624682 0.39706461967
0.1 1.38317547014e-15 2.7571768289e-13 -1.60301848124e-11
-3.10646587864 -0.011726050143 0.0774009510769 -0.119797904227
0.010033
4
-4.77536481228 -0.997250354314 -0.0188213529532 0.0709245117007
-0.0150855794153 0.0734147766213 -0.245696045692 0.389539077107
0.1 2.07476399607e-15 -2.06788212922e-13 4.58005260583e-12
-3.10657585866 -0.0102090586096 0.0737950540912 -0.117463963075
0.010033
4
-4.78537232715 -0.997606614903 -0.0166865365451 0.0643841303304
-0.014373328391 0.0686021431293 -0.233970982051 0.382099648998
0.1 -6.91587607081e-16 -6.89293652762e-14 9.16009358894e-12
-3.10667097894 -0.00876371989075 0.0702594076733 -0.115161805873
0.010033
4
-4.79538321006 -0.997922012324 -0.0147485842014 0.0582796137818
-0.0137081909347 0.0640225437782 -0.22246984184 0.374364029302
0.1 6.91587226395e-16 2.06788031982e-13 -1.37401347083e-11
-3.10675195134 -0.00738863392775 0.0667930551661 -0.112776162267
0.010033
4
-4.80539707037 -0.998200365315 -0.0129943765362 0.0525830258738
-0.0130878518092 0.0596713958455 -0.211201540505 0.366086502409
0.1 6.91587854939e-16 -2.06787969336e-13 1.37401273357e-11
-3.10681947366 -0.00608238504743 0.0633985095357 -0.110232950845
0.010033
4
-4.81541355443 -0.998445237792 -0.0114116350316 0.0472728905639
-0.0125100429012 0.0555438634998 -0.200182389515 0.357054122835
0.1 6.91587001855e-16 2.0678788431e-13 -2.06101785521e-11
-3.10687422918 -0.00484348477743 0.0600805135935 -0.107468021371
0.010033
4
-4.82543234314 -0.998659953774 -0.00998872758819 0.0423080011252
-0.0119725464732 0.0516347192842 -0.189435109985 0.346538691578
0.1 -1.38317380029e-15 -4.1357562894e-13 3.20602634063e-11
-3.10691688568 -0.00367033009966 0.0568457410693 -0.104262436016
0.010033
4
-4.8354531496 -0.998847616306 -0.00871526241622 0.0376853499188
-0.0114732002574 0.0479380598874 -0.179004341744 0.334325057512
0.1 -8.69018775601e-22 5.514340091e-13 -3.43502677613e-11
-3.10694809399 -0.00256111795705 0.0537074556982 -0.100551607953
0.010033
4
-4.84547571697 -0.999011120818 -0.00758093824857 0.0334488537197
-0.0110099059256 0.0444470212509 -0.168941200672 0.321392459102
0.1 6.91587740852e-16 -4.82504616147e-13 2.74802026272e-11
-3.10696848542 -0.0015137596285 0.0506808652793 -0.0966297056121
0.010033
4
-4.85549981641 -0.999153142767 -0.00657413192119 0.0296177559383
-0.0105806381739 0.0411540093204 -0.159267327716 0.308738690345
0.1 -6.91587403925e-16 3.44646057371e-13 -2.0610143204e-11
-3.10697866912 -0.000525950061815 0.0477723231858 -0.0927961893277
0.010033
4
-4.86552524468 -0.999276118563 -0.00568264103705 0.0261637604582
-0.0101834490606 0.038051297108 -0.149974330347 0.296509691464
0.1 3.52682567199e-22 -2.75716769087e-13 9.16006160126e-12
-3.10697923077 0.000404652850951 0.0449791690711 -0.0890944709275
0.010033
4
-4.87555182184 -0.999382248303 -0.00489511490021 0.0230470196853
-0.00981646717731 0.0351313700999 -0.141049423232 0.284452418751
0.1 -2.76634700992e-15 1.62569386685e-20 1.37400827013e-11
-3.10697073284 0.00128032472609 0.0422974358922 -0.085448152794
0.010033
4
-4.88557938887 -0.999473516348 -0.0042014022152 0.0202376927994
-0.00947789547761 0.0323868939121 -0.13248743761 0.272433273888
0.1 1.383172898e-15 4.13574951027e-13 -3.20601872739e-11
-3.10695371531 0.00210328464969 0.0397254561607 -0.0818168003275
0.010033
4
-4.89560780571 -0.999551712372 -0.00359224988554 0.0177129648971
-0.00916601011639 0.0298105975248 -0.124287226 0.260461026808
0.1 5.50103236155e-22 -5.51433163342e-13 3.89302163461e-11
-3.10692869602 0.00287573046075 0.0372627794603 -0.0782027528817
0.010033
4
-4.90563694935 -0.999618447261 -0.00305909153534 0.0154518143367
-0.0088791600751 0.0273952355855 -0.116447376932 0.248581596825
0.1 6.91585972148e-16 6.20362187709e-13 -3.8930206357e-11
-3.10689617081 0.00359985025577 0.0349088849571 -0.0746195090226
0.010033
4
-4.91566671207 -0.999675166352 -0.00259399353321 0.0134337180658
-0.00861576684029 0.0251336049255 -0.108965096758 0.236840316617
0.1 1.38317340844e-15 -5.5143296883e-13 2.29001171694e-11
-3.10685661363 0.00427781760544 0.0326628455076 -0.0710811348765
0.010033
4
-4.92569699992 -0.999723161979 -0.00218963998538 0.0116386636829
-0.00837432384191 0.0230185721188 -0.10183622731 0.225285223685
0.1 -2.76634579234e-15 1.37858229457e-13 -6.87003340734e-12
-3.10681047673 0.00491178322986 0.0305233105754 -0.067645700362
0.010033
4
-4.93572773117 -0.999763585718 -0.00183931736594 0.0100446441223
-0.00815339561364 0.0210431016812 -0.0950551644811 0.214117884541
0.1 -2.07475907387e-15 -6.89290929085e-14 1.37400626156e-11
-3.10675819096 0.00550385321312 0.0284871817216 -0.0653226071267
0.010033
4
-4.94575883503 -0.99979746107 -0.00153697455655 0.00859760562911
-0.00795161650966 0.0192003314512 -0.0886102370187 0.20482595122
0.1 6.9158611846e-16 3.44645453077e-13 -1.83200817083e-11
-3.1067001674 0.00605576662522 0.0265209776117 -0.0728871818596
0.010033
4
-4.95579025039 -0.999825706439 -0.00127818744918 0.00708085285356
-0.00776768705596 0.0174840827371 -0.0824449954717 0.203472591548
0.1 2.07475898221e-15 -2.06787254647e-13 -2.2900083351e-12
-3.1066368119 0.00656594052004 0.0243270804069 -0.126670403947
0.010033
4
-4.96582192521 -0.999849216893 -0.00106505444321 0.00499719182427
-0.00760035796362 0.0158911406734 -0.0763204895731 0.220800036619
0.1 -2.76634481761e-15 -2.75716290492e-13 2.97701205462e-11
-3.10656861283 0.00701584776505 0.020514313143 -0.291165154081
0.010033
4
-4.97585381716 -0.999869079761 -0.000914639429534 0.00225956546496
-0.00744837729375 0.0144263294743 -0.0696744288061 0.25490833068
0.1 6.91585835726e-16 6.20361596178e-13 -3.6640143587e-11
-3.10649644968 0.00733956808026 0.0117502688209 -0.554802975247
0.010033
4
-4.98588589666 -0.999886751078 -0.000846626712781 0.00062525586833
-0.00731039001925 0.0131051828289 -0.0620017110374 0.2684919754
0.1 2.07475870656e-15 -4.82503421992e-13 2.74801046486e-11
-3.10642218706 0.00740780475758 -0.00494925070806 -0.693049082501
0.010033
4
-4.99591814868 -0.999903551176 -0.000827806566757 0.00199243189244
-0.0071848720942 0.0119421038295 -0.0539201264586 0.215624950623
0.1 6.91586140021e-16 3.44645283745e-13 -3.43501294638e-11
-3.10634906053 0.00709918819072 -0.0258099664489 -0.429534374357
0.010033
4
-5.00595056595 -0.999919560728 -0.000767834544237 0.00442769124353
-0.00707026354102 0.0109252288951 -0.047429834648 0.111831075091
0.1 -2.7663445066e-15 -6.89290553956e-13 4.58001710274e-11
-3.10628086428 0.00645154968449 -0.0387389128635 0.142434283786
0.010033
4
-5.01598313542 -0.999933631392 -0.000634561431183 0.00506667946634
-0.00696530907707 0.0100072461805 -0.0440637292233 0.0339569837441
0.1 -2.76634479839e-15 6.89290524874e-13 -2.74801004807e-11
-3.10621988979 0.00571720650207 -0.034451653576 0.56049892415
0.010033
4
-5.02601583249 -0.999944834743 -0.000482054821976 0.00425520264045
-0.00686930480643 0.00913329164371 -0.0430416269798 0.0273753576196
0.1 2.76634448607e-15 -1.37858098365e-13 9.16003237208e-12
-3.10616542936 0.00519515022121 -0.0175806849359 0.551615853787
0.010033
4
-5.0360486278 -0.999953222871 -0.000353973589763 0.00312873967056
-0.00678197294001 0.00827785954076 -0.0422176310782 0.0619389309849
0.1 2.76634435635e-15 1.37858085436e-13 -1.60300557333e-11
-3.10611451748 0.00500895435961 -0.000977095346583 0.297244147968
0.010033
4
-5.04608149559 -0.999959381036 -0.000259798794909 0.00215159332067
-0.00670310602434 0.00744940048902 -0.0403532745854 0.0900492337542
0.1 6.91586110384e-16 -3.44645212745e-13 1.37400476651e-11
-3.10606405926 0.00507911557928 0.00796992792929 0.0838356579219
0.010033
4
-5.05611441674 -0.999963944532 -0.000195036020691 0.00153341657949
-0.00663233521865 0.00666684210243 -0.037642800381 0.0978830547833
0.1 -2.07475824253e-15 6.89290422601e-14 4.58001557221e-12
-3.10601221196 0.0052643635139 0.0104933740346 -0.00546098438182
0.010033
4
-5.06614737789 -0.99996739515 -0.000148880312819 0.00118965557451
-0.00656913529087 0.00594103956226 -0.0346965288051 0.0945380631889
0.1 6.91586049089e-16 2.06787119202e-13 -2.06100699381e-11
-3.10595834217 0.00547328072834 0.0103289988719 -0.0254251828777
0.010033
4
-5.07618036947 -0.999970023395 -0.000113071781391 0.000960910988185
-0.00651292434622 0.00527334850369 -0.0318509411582 0.0883701896805
0.1 -1.38317208808e-15 -4.13574229858e-13 4.35101463669e-11
-3.10590241296 0.00567287027247 0.00956370303363 -0.0263670623325
0.010033
4
-5.08621338415 -0.999972002165 -8.41484422333e-05 0.000778419004948
-0.00646313232144 0.00466089602861 -0.029191005952 0.0820948021867
0.1 3.45793021464e-15 8.96077481532e-13 -7.32802448448e-11
-3.1058445592 0.00585681847621 0.00877005669613 -0.0246624479645
0.010033
4
-5.09624641604 -0.999973455656 -6.07180960777e-05 0.000626048762236
-0.00641922378885 0.00409992425432 -0.0267199593555 0.0761272040983
0.1 -6.915859581e-16 -1.3096516851e-12 6.87002283842e-11
-3.10578493801 0.00602535568606 0.00802771910008 -0.0228730124946
0.010033
4
-5.10627946038 -0.999974484994 -4.18740811945e-05 0.000498787743668
-0.00638070093103 0.00358673578106 -0.0244285369399 0.0704701771017
0.1 -6.22427447966e-15 7.58219388606e-13 -1.37400456991e-11
-3.10572369875 0.00617953711019 0.00733924335526 -0.0211729706393
0.010033
4
-5.11631251334 -0.99997517463 -2.68606121341e-05 0.000393023325093
-0.00634710209222 0.00311781995448 -0.0223073905464 0.0650730374409
0.1 4.84110229236e-15 3.44645170695e-13 -3.89301278936e-11
-3.10566098013 0.00632041657604 0.00670193872289 -0.0195511484826
0.010033
4
-5.12634557187 -0.999975594938 -1.50306431019e-05 0.000305723655322
-0.00631799995024 0.00268983839928 -0.020348697592 0.0599379428304
0.1 3.53406569538e-23 -8.27148404894e-13 4.80901575522e-11
-3.10559691055 0.00644899729164 0.00611345079781 -0.0180081702573
0.010033
4
-5.13637863355 -0.999975804223 -5.82838674898e-06 0.0002341708884
-0.00629299988818 0.00229961036428 -0.018544570546 0.0552409159259
0.1 -2.07475813704e-15 6.20361299197e-13 -2.97700972464e-11
-3.10553160855 0.00656623503165 0.00557140638525 -0.0165967984457
0.010033
4
-5.14641169652 -0.999975850459 1.22013735291e-06 0.000175553798163
-0.00627173823075 0.00194416653327 -0.0168818236094 0.0511319992804
0.1 1.38317208029e-15 -2.75716131224e-13 1.37400447538e-11
-3.10546518342 0.00667302201442 0.00507184414394 -0.0153620108486
0.010033
4
-5.15644475933 -0.999975772958 6.50429197019e-06 0.000127514664388
-0.00625387961577 0.00162084749732 -0.0153427547148 0.0473896782646
0.1 -3.40591326918e-24 1.37858064762e-13 -2.29000746129e-12
-3.1053977359 0.00677015738432 0.00460944890438 -0.0142373581747
0.010033
4
-5.1664778209 -0.999975603929 1.03424726948e-05 8.8665167343e-05
-0.00623911380544 0.00132728217007 -0.0139163293657 0.0436572388677
0.1 2.07475809642e-15 6.89290318591e-14 2.29000740748e-12
-3.1053293592 0.00685835369607 0.00418090561504 -0.013115849423
0.010033
4
-5.17651088045 -0.999975369613 1.30112868157e-05 5.79854166005e-05
-0.00622715360127 0.00106121316185 -0.0126022501274 0.0398802014139
0.1 4.14951618561e-15 1.37858063282e-13 -3.20601037325e-11
-3.10526013961 0.00693828929404 0.00378611964445 -0.0119811420068
0.010033
4
-5.18654393742 -0.999975091009 1.47566430082e-05 3.40675756332e-05
-0.00621773447892 0.000820372598463 -0.0114018593985 0.0363253780622
0.1 -2.76634410975e-15 -8.27148379082e-13 5.0380162891e-11
-3.1051901566 0.00701064555919 0.00342548827158 -0.0109132337558
0.010033
4
-5.19657699147 -0.999974784605 1.57820741884e-05 1.54604518148e-05
-0.00621061453397 0.000602546245985 -0.0103084685539 0.033134422297
0.1 -4.14951618409e-15 6.89290314587e-13 -1.6030051818e-11
-3.10511948284 0.00707608768503 0.00309700084735 -0.00995458815693
0.010033
4
-5.20661004236 -0.999974463243 1.62474324967e-05 1.13196571668e-06
-0.00620557326168 0.000405696868087 -0.00931112521009 0.0302442485618
0.1 4.84110219908e-15 2.06787093674e-13 -2.97700960493e-11
-3.10504818457 0.00713522769414 0.00279736857522 -0.00908627981974
0.010033
4
-5.21664309001 -0.99997413687 1.62815045703e-05 -9.65674236913e-06
-0.0062024095587 0.000227987953682 -0.00840077585352 0.0275836330347
0.1 5.02922611235e-24 -6.89290311853e-13 4.12201329335e-11
-3.10497632223 0.0071886173296 0.00252387231128 -0.00828693766605
0.010033
4
-5.2266761344 -0.999973813072 1.5990837431e-05 -1.75621417193e-05
-0.0062009399085 6.77431552834e-05 -0.00757051080158 0.0251242273316
0.1 -1.38317205861e-15 5.51432248799e-13 -2.97700959573e-11
-3.10490395093 0.00723676022462 0.00227443617924 -0.00754805189051
0.010033
4
-5.23670917558 -0.999973497494 1.54622184309e-05 -2.31376446078e-05
-0.0062009969469 -7.65837819547e-05 -0.00681427365558 0.0228526998499
0.1 6.91586028944e-16 -3.44645155126e-13 1.60300516479e-11
-3.10483112097 0.00728012092655 0.00204724044724 -0.00686561524404
0.010033
4
-5.24674221366 -0.999973194207 1.47657772588e-05 -2.68611608295e-05
-0.00620242822757 -0.000206421607661 -0.00612640929689 0.0207579111649
0.1 -1.38317205456e-15 1.37858061953e-13 -2.29000737859e-12
-3.10475787814 0.00731912867712 0.00184058600125 -0.00623628094274
0.010033
4
-5.25677524877 -0.99997290602 1.39572585588e-05 -2.91154566055e-05
-0.0062050950812 -0.000323088956532 -0.00550159790261 0.0188291372142
0.1 6.91586026575e-16 6.89290309062e-14 -1.37400442342e-11
-3.10468426409 0.00735417963332 0.00165287446515 -0.00565682415224
0.010033
4
-5.26680828108 -0.999972634738 1.30808857437e-05 -3.02315396204e-05
-0.00620887154408 -0.000427800951138 -0.00493484244315 0.0170559994553
0.1 -2.07475807896e-15 -3.44645154373e-13 2.51900810836e-11
-3.10461031669 0.00738563885205 0.00148260453005 -0.00512412738212
0.010033
4
-5.27684131076 -0.999972381379 1.21709189228e-05 -3.0463740168e-05
-0.00621364335162 -0.000521675574943 -0.0044214582822 0.015428487268
0.1 -1.38317205367e-15 4.13574185113e-13 -1.6030051593e-11
-3.10453607024 0.00741384220554 0.00132836872325 -0.00463518072475
0.010033
4
-5.28687433799 -0.99997214635 1.12539628845e-05 -3.00376162773e-05
-0.0062193069948 -0.000605739829863 -0.00395706210226 0.0139369765455
0.1 2.07475807909e-15 -6.89290308423e-14 4.58001473809e-12
-3.10446155586 0.00743909823178 0.00118885017004 -0.00418709393696
0.010033
4
-5.29690736296 -0.999971929593 1.03498331398e-05 -2.91230057702e-05
-0.00622576883734 -0.000680935665984 -0.00353756027059 0.0125722435344
0.1 2.07475807863e-15 6.89290307964e-14 -6.87002210412e-12
-3.10438680166 0.00746168991644 0.00106281899174 -0.00377709351048
0.010033
4
-5.30694038584 -0.999971730702 9.47323309487e-06 -2.78631477668e-05
-0.006232944291 -0.000748125673649 -0.0031591367887 0.0113254743513
0.1 1.38317205245e-15 -1.37858061595e-13 -1.37400442026e-11
-3.10431183307 0.00748187640328 0.000949128792078 -0.00340253373766
0.010033
4
-5.31697340682 -0.999971549021 8.63455467073e-06 -2.63691104623e-05
-0.00624075704697 -0.000808098530853 -0.00281824095521 0.0101882704236
0.1 -5.53268820846e-15 -5.51432246245e-13 3.66401178729e-11
-3.10423667301 0.00749989463077 0.000846712810328 -0.00306088923665
0.010033
4
-5.32700642605 -0.999971383718 7.84084664481e-06 -2.47310774746e-05
-0.00624913836051 -0.000861574201427 -0.00251157486509 0.00915265040111
0.1 -5.53268820881e-15 5.51432246211e-13 2.29000736387e-12
-3.10416134213 0.00751596089379 0.000754580299561 -0.0027497621351
0.010033
4
-5.33703944371 -0.999971233848 7.09644327517e-06 -2.30167597201e-05
-0.00625802638657 -0.00090920888181 -0.00223608085127 0.00821104885446
0.1 6.224274234e-15 6.20361276897e-13 -5.26701694265e-11
-3.10408585901 0.00753027233046 0.0006718126886 -0.00246688001254
0.010033
4
-5.34707245994 -0.999971098397 6.40364072696e-06 -2.12819726186e-05
-0.00626736556375 -0.000951599696197 -0.00198892896547 0.00735631212155
0.1 2.76634410433e-15 -9.65006430682e-13 5.03801620565e-11
-3.10401024035 0.00754300833253 0.000597559805936 -0.00221009649408
0.010033
4
-5.35710547487 -0.999970976325 5.76305512582e-06 -1.95640148629e-05
-0.00627710604414 -0.000989289141729 -0.00176750458404 0.00658169181873
0.1 -1.3831720521e-15 5.51432246072e-13 -2.29000736605e-11
-3.10393450112 0.00755433187994 0.000531036085761 -0.00197737629149
0.010033
4
-5.36713848865 -0.999970866589 5.17417990985e-06 -1.78973050153e-05
-0.00628720316647 -0.00102276928693 -0.00156939620913 0.00588083605786
0.1 2.7663441039e-15 -1.37858061514e-13 6.87002209771e-12
-3.10385865474 0.00756439080362 0.000471517224277 -0.00176682379944
0.010033
4
-5.37717150138 -0.999970768165 4.63547252131e-06 -1.62968161154e-05
-0.00629761697018 -0.00105248572803 -0.00139238353418 0.00524777917614
0.1 2.07475807786e-15 6.89290307521e-14 -2.06100662917e-11
-3.10378271322 0.00757331897265 0.000418335975245 -0.00157662920902
0.010033
4
-5.38720451317 -0.999970680069 4.14493971518e-06 -1.47826750723e-05
-0.00630831174805 -0.00107884130886 -0.00123442581858 0.0046769295685
0.1 -2.76634410373e-15 -5.51432246013e-13 3.20601031199e-11
-3.10370668727 0.00758123741333 0.000370879567525 -0.00140513712813
0.010033
4
-5.39723752413 -0.999970601358 3.69998242818e-06 -1.33628708525e-05
-0.00631925563493 -0.00110219961117 -0.00109365062856 0.00416305750705
0.1 -4.14951615568e-15 4.13574184505e-13 -1.14500368284e-11
-3.10363058649 0.00758825535562 0.000328585057138 -0.00125074586452
0.010033
4
-5.40727053434 -0.999970531148 3.29776112981e-06 -1.20370356505e-05
-0.00633042023037 -0.00112288822271 -0.000968342944742 0.0037012782103
0.1 6.91586025933e-16 6.89290307495e-14 -2.29000736563e-12
-3.10355441939 0.00759447121684 0.000290937710911 -0.00111201803134
0.010033
4
-5.41730354389 -0.999970468608 2.93544736045e-06 -1.08184834302e-05
-0.006341780253 -0.0011412017918 -0.000856934779248 0.0032870484219
0.1 1.38317205187e-15 -3.01022686078e-25 2.29000736557e-12
-3.10347819357 0.00759997351944 0.000257466060895 -0.000987567163329
0.010033
4
-5.42733655285 -0.999970412971 2.60981191132e-06 -9.69331405507e-06
-0.0063533132245 -0.00115740487466 -0.000757994895844 0.00291610980045
0.1 2.07475807779e-15 6.89290307481e-14 -1.37400441933e-11
-3.10340191579 0.00760484174383 0.000227740371629 -0.000876126689166
0.010033
4
-5.43736956128 -0.999970363528 2.31804396655e-06 -8.66954057098e-06
-0.00636499918114 -0.00117173459343 -0.000670220234014 0.00258462929753
0.1 -6.91586025921e-16 -3.4464515374e-13 1.83200589244e-11
-3.10332559205 0.00760914712958 0.000201369031342 -0.000776536946139
0.010033
4
-5.44740256924 -0.999970319631 2.05709151828e-06 -7.73345841603e-06
-0.00637682041099 -0.00118440307986 -0.00059242310768 0.00228860297644
0.1 -2.07475807779e-15 2.06787092244e-13 -4.58001473109e-12
-3.10324922767 0.00761295340816 0.000177995334015 -0.00068759921781
0.010033
4
-5.45743557679 -0.999970280688 1.82431506482e-06 -6.89706271205e-06
-0.00638876121501 -0.00119559984206 -0.000523536348927 0.00202600904178
0.1 6.91586025926e-16 6.89290307476e-14 -5.54101628137e-24
-3.10317282736 0.0076163175152 0.000157298654895 -0.000608709380989
0.010033
4
-5.46746858396 -0.999970246163 1.61671405231e-06 -6.12126279474e-06
-0.00640080769016 -0.00120549358426 -0.00046255364571 0.00178870111189
0.1 2.07475807778e-15 6.89290307474e-14 -1.37400441931e-11
-3.1030963953 0.00761929013489 0.000138976553286 -0.000537408284177
0.010033
4
-5.47750159082 -0.99997021557 1.43246455262e-06 -5.48092404679e-06
-0.00641294753297 -0.00121423527767 -0.000408713891395 0.00159259257603
0.1 -6.91586025923e-16 -3.44645153737e-13 2.36634094437e-11
-3.10301993518 0.00762191662514 0.000122800608744 -0.000478495535521
0.020067
4
-5.48753459738 -0.99997018848 1.26748919584e-06 -4.72217423072e-06
-0.00642516986204 -0.00122195581476 -0.000360776987657 0.00136493827952
0.1 -4.61057350619e-16 3.67621497319e-13 -2.21367378666e-11
-3.10294345029 0.00762423631075 0.000108397933025 -0.000410093426138