0.002528
4
-2.0 0.999543702975 -0.808095110151 178.043976707
6.02714983631e-20 0.00753764744023 0.461225867912 -25.5181214809
0.1 -1.15262118945e-13 8.31840161896e-11 -1.60049599271e-08
-3.14159265359 -0.0453465937179 -2.77474135244 153.517380286
0.000975
4
-1.99747500025 0.998871974929 0.542426316701 -1447.85757405
2.15946423897e-05 0.00938059947046 0.2676626232 695.347595428
0.1 -1.57020902831e-15 -3.82188064005e-11 1.37360468796e-08
-3.14172256726 -0.0564338192263 -1.61026213048 -4183.2209786
0.000784
4
-1.99650175479 0.995799324616 -3.69330561862 7048.93819043
3.16417114129e-05 0.0118863793286 2.30191382919 -2456.23169813
0.1 -3.69227163535e-14 1.96623215311e-12 3.88708583124e-08
-3.14178301057 -0.0715086263287 -13.848346186 14776.7246689
0.000594
4
-1.99571987074 1.00300753981 12.886865272 -42469.5646017
4.11924376991e-05 0.0109662164367 -3.47551536679 17961.2108525
0.1 3.78463903749e-14 9.33963817835e-11 -1.8131858819e-07
-3.14184046788 -0.0659729133461 20.9087496483 -108054.898775
0.000406
4
-1.99512824199 0.973337430136 -62.8195926075 266140.693608
5.02496902815e-05 0.0258608992523 28.5422287666 -99182.9747166
0.1 -4.32185562041e-14 -2.2982303872e-10 6.08989346061e-07
-3.14189495644 -0.155579536041 -171.710452351 596686.180098
0.000220
4
-1.99472576239 1.05386149741 261.224988394 -2824420.83781
5.88163381933e-05 1.69363659525e-05 -92.2198578159 1177263.35449
0.1 7.11680852946e-14 5.11663333785e-10 -1.79154663082e-06
-3.14194649351 -0.000101889424048 554.795970243 -7082433.00825
0.000054
4
-1.99451132581 0.758617699291 -1603.09597388 -55741713.5595
6.68952504676e-05 0.130411685099 684.858657009 -9068409.29999
0.1 3.61352055047e-14 -6.7088633941e-10 2.0545581652e-06
-3.14199509636 -0.784558543935 -4120.11937678 54555678.7395
0.000164
4
-1.99448382612 0.100788773974 -10610.1579291 25104137.9928
7.44892961377e-05 0.125262076488 -780.466306726 1713748.01281
0.1 -1.82537504402e-14 -3.38899188265e-10 8.22664191281e-07
-3.14204078225 -0.75357842562 4695.29635116 -10309932.3085
0.000345
4
-1.99464215717 -1.35316573283 1753.46159301 -2058742.35969
8.16013442366e-05 0.00756878533155 63.5430909769 -86461.024487
0.1 -6.30118332256e-14 6.62574061727e-11 3.84877804481e-08
-3.14208356843 -0.0455339197139 -382.276134985 520150.747465
0.000528
4
-1.99498521283 -0.878730080751 -380.006890145 293797.27785
8.82342637975e-05 0.0205179667378 -26.0562073017 17575.9517865
0.1 -3.45944438999e-15 1.06142176691e-10 -1.0379214418e-07
-3.14212347217 -0.123436378393 156.754512043 -105737.174798
0.000710
4
-1.99551188697 -1.03429757127 85.3775195856 -49848.8788631
9.43909238537e-05 0.00770233280891 1.78466994355 -1914.66753831
0.1 2.18186679339e-14 -5.8267943468e-11 2.85200001707e-08
-3.14216051072 -0.0463373432278 -10.7365996507 11518.6670205
0.000891
4
-1.99622107345 -0.988449323094 -20.805517124 9603.59199749
0.000100074193438 0.00734086134478 -2.29376106921 695.879346883
0.1 -1.77908521243e-14 2.48247447809e-12 -5.36902745995e-09
-3.14219470135 -0.0441627257828 13.7992990691 -4186.420004
0.001071
4
-1.99711166614 -1.0026508705 4.86949091024 -1917.68304504
0.000105286941584 0.00491057666528 -0.433341777472 -14.8038944198
0.1 -2.61579851889e-14 -1.18715113229e-11 1.93197436924e-08
-3.14222606132 -0.0295420987421 2.60699026784 89.0604384469
0.001250
4
-1.99818255889 -0.998820137706 -1.2936567298 419.356679749
0.000110032037325 0.00393114370701 -0.480919288882 59.770009523
0.1 1.49233395196e-14 5.02192669484e-11 -2.49910189778e-08
-3.14225460788 -0.0236498161997 2.89321725017 -359.577223158
0.001428
4
-1.99943264559 -1.00008834454 0.279382725481 -87.1530776551
0.000114312349693 0.00300883295252 -0.256717343944 15.2527859787
0.1 2.32948469586e-14 -4.35239849853e-11 1.31474399647e-08
-3.1422803583 -0.0181011816424 1.5444151765 -91.7609765949
0.001605
4
-2.00086082008 -0.99982365948 -0.0940763159682 21.778063402
0.000118130747723 0.00236881848976 -0.191357737786 12.0476594472
0.1 -2.05701747467e-14 1.28140177435e-11 -2.66079494142e-09
-3.14230332984 -0.0142508455723 1.15121085964 -72.4788897634
0.001781
4
-2.00246597623 -0.999957335753 0.0108038033179 -3.94002013929
0.000121490100447 0.00184758885652 -0.133337888334 6.2648634628
0.1 0.0 0.0 -3.55409669189e-10
-3.14232353975 -0.0111151207192 0.802162624096 -37.6895072927
0.001956
4
-2.00424700792 -0.999956347829 -0.0102491389922 1.45626784934
0.000124393276898 0.00143223110128 -0.0998624733867 4.0952634327
0.1 -3.38249140397e-15 -1.89908147607e-12 7.58894949002e-11
-3.1423410053 -0.00861632258274 0.600774053815 -24.6371628174
0.002129
4
-2.006202809 -0.999979727215 -0.00170437898721 -0.0549694106813
0.000126843146109 0.00108859526712 -0.0758332103597 2.60481627214
0.1 -9.94024063642e-15 -1.45379421582e-12 1.53991558509e-09
-3.14235574375 -0.00654900453924 0.456213667089 -15.6706115606
0.002302
4
-2.00833227334 -0.999987733983 -0.0020555509434 0.173022046629
0.000128842577114 0.000801058443185 -0.0591923474786 1.76041147185
0.1 4.81752734379e-15 8.38395302728e-12 -2.62584688393e-09
-3.14236777236 -0.00481917893573 0.356102000468 -10.5906603508
0.002473
4
-2.0106342948 -0.999994447172 -0.000860639452037 0.049335224203
0.000130394438946 0.000556519365117 -0.0470347297748 1.21488966882
0.1 1.67175429087e-15 -9.75046785899e-12 2.04335996294e-09
-3.14237710838 -0.00334802838012 0.28296160015 -7.30879340279
0.002644
4
-2.01310776724 -0.999997799209 -0.000494550134768 0.0406899186317
0.000131501600638 0.000346138773345 -0.0380197078184 0.863186719317
0.1 -9.05894012355e-15 5.41217234078e-12 -5.67160103728e-12
-3.14238376908 -0.00208237576108 0.228727100761 -5.1929435842
0.002813
4
-2.01575158454 -0.999999560971 -0.000171819622322 0.0208168226293
0.000132166931223 0.000163204686404 -0.031173375812 0.626596837877
0.1 1.9439753464e-14 5.36718825699e-12 -2.5800479979e-09
-3.14238777172 -0.000981841704026 0.187539470007 -3.76961538759
0.002981
4
-2.01856464056 -1.00000003346 3.85706322319e-06 0.0128263228237
0.000132393299734 2.69508061114e-06 -0.0258854191622 0.464130068068
0.1 -1.16138139957e-14 -1.64062729906e-11 4.22525539204e-09
-3.14238913356 -1.62136429505e-05 0.155727048444 -2.79221312644
0.003148
4
-2.02154582916 -0.999999668481 0.000118570135814 0.00714473615576
0.000132183575205 -0.000139268716507 -0.0217344409807 0.349828913126
0.1 3.22149729234e-15 2.13825800707e-11 -4.51754207244e-09
-3.14238787185 0.000837842570342 0.130754704347 -2.10457562966
0.003314
4
-2.0246940442 -0.999998709471 0.00018604968568 0.00394178778617
0.000131540626668 -0.000265716460805 -0.0184304284779 0.267844259764
0.1 3.53173939581e-15 -2.12840347494e-11 3.84165388326e-09
-3.14238400386 0.00159855399026 0.110877718961 -1.6113549156
0.003479
4
-2.02800817955 -0.999997346397 0.00022524061689 0.0019421259158
0.000130467323158 -0.000379052937062 -0.0157674068926 0.207968271542
0.1 -1.09600488096e-14 1.6911322595e-11 -2.77704945466e-09
-3.14237754685 0.00228038783616 0.0948569428374 -1.2511400224
0.003643
4
-2.03148712908 -0.999995708672 0.000245510361152 0.00074457543901
0.000128966533706 -0.000481210113994 -0.0135968660206 0.163535239309
0.1 5.87429907209e-15 -1.2072422379e-11 1.88653333154e-09
-3.14236851808 0.00289496685867 0.0817989386758 -0.98383034708
0.003805
4
-2.03512978665 -0.999993890403 0.0002536471035 2.32192447067e-05
0.000127041127346 -0.00057375819004 -0.0118097481044 0.13007977583
0.1 -6.97980615399e-15 8.54366948269e-12 -1.15446472362e-09
-3.14235693481 0.00345173739458 0.0710476116398 -0.782561745052
0.003967
4
-2.03893504612 -0.999991958995 0.000253912171128 -0.0003979779081
0.000124693973111 -0.00065798639233 -0.0103247757008 0.104555971686
0.1 7.89175631628e-15 -4.63553723515e-12 4.98501924747e-10
-3.1423428143 0.00395845545207 0.0621139969554 -0.629010227219
0.004127
4
-2.04290180136 -0.999989963349 0.000249176085446 -0.000632981040995
0.000121927940035 -0.000734963149164 -0.0090805206045 0.0848478507159
0.1 -5.35223049454e-15 1.29682177222e-12 -4.25760815318e-11
-3.1423261738 0.00442154871129 0.0546285404267 -0.510445864859
0.004286
4
-2.04702894623 -0.9999879389 0.000241338785435 -0.000751585075028
0.000118745897151 -0.000805581406996 -0.00802997087502 0.0694617954348
0.1 3.17654571601e-15 7.69662974937e-13 -2.00961566811e-10
-3.14230703059 0.00484638914979 0.0483084184587 -0.417883134382
0.004445
4
-2.05131537461 -0.999985911339 0.000231673812232 -0.000798052917611
0.000115150713491 -0.00087059323508 -0.00713673015771 0.0573277020398
0.1 -1.30253022683e-15 -1.81459291661e-12 2.88757048984e-10
-3.14228540191 0.00523750122843 0.0429346697906 -0.344884291579
0.004602
4
-2.05575998034 -0.999983899207 0.000221032559799 -0.000800371400593
0.000111145258089 -0.000930636550414 -0.00637232151348 0.0476684158277
0.1 -3.19786284996e-16 2.03569894008e-12 -2.17483570063e-10
-3.14226130504 0.00559872266319 0.0383359762382 -0.286773836894
0.004758
4
-2.0603616573 -0.999981915778 0.00020998321894 -0.00077649920263
0.000106732399978 -0.000986255982244 -0.00571424630703 0.0399124068208
0.1 4.59939449234e-15 -9.66719805799e-13 4.72615961299e-11
-3.14223475722 0.00593332995239 0.0343769868604 -0.240113618929
0.004913
4
-2.06511929936 -0.999979970421 0.000198900091851 -0.00073774369597
0.000101915008192 -0.00103791932174 -0.00514456861033 0.0336344615889
0.1 -1.3899510391e-15 -2.92145672833e-13 5.76593412655e-11
-3.14220577572 0.00624413733494 0.0309497975658 -0.202345398628
0.005066
4
-2.07003180036 -0.999978069599 0.000188027363691 -0.000691425720688
9.66959517624e-05 -0.00108603060972 -0.00464887022664 0.0285148015187
0.1 -8.57469696677e-17 5.57626879475e-13 -1.05243487691e-10
-3.1421743778 0.00653357552415 0.0279676690492 -0.171545441703
0.005219
4
-2.0750980542 -0.99997621761 0.000177518308781 -0.000642079298055
9.10780997237e-05 -0.00113094063751 -0.00421547064959 0.0243105196828
0.1 -2.53966077483e-15 -1.0419803639e-12 1.14666277994e-10
-3.14214058073 0.00680375488729 0.0253603311783 -0.146252439078
0.005371
4
-2.08031695471 -0.99997441713 0.000167465216616 -0.000592542998187
8.50643211088e-05 -0.00117295543854 -0.00383483870012 0.0208353705666
0.1 -4.04598072061e-15 7.5335965767e-13 2.48665097e-11
-3.14210440175 0.0070565165251 0.0230704438486 -0.125345879326
0.005521
4
-2.08568739578 -0.999972669631 0.000157918312203 -0.000544524751646
7.86574849507e-05 -0.0012123432051 -0.00349914442676 0.017945300911
0.1 6.19766716546e-15 1.15400263534e-12 -2.56317352464e-10
-3.14206585813 0.00729347388615 0.0210509024277 -0.107959181769
0.005670
4
-2.09120827126 -0.999970975682 0.000148899297946 -0.000499003722858
7.18604602827e-05 -0.00124933996109 -0.00320191473377 0.0155279764317
0.1 -4.49879475556e-15 -3.09140558377e-12 4.04278189647e-10
-3.14202496714 0.0075160468944 0.0192627644292 -0.0934165335564
0.005819
4
-2.09687847502 -0.999969335186 0.000140410686182 -0.000456457762711
6.46761161378e-05 -0.00128415424388 -0.00293776647721 0.0134951222956
0.1 -5.61212481906e-16 3.78581885236e-12 -4.11712430014e-10
-3.14198174602 0.00772549011247 0.0176736446504 -0.081186841547
0.005966
4
-2.10269690092 -0.999967747558 0.000132442838451 -0.000417132138677
5.71073215493e-05 -0.00131697099167 -0.0027021979573 0.0117768672799
0.1 1.67811852071e-15 -3.40096209282e-12 3.70678460548e-10
-3.14193621204 0.0079229161315 0.016256461191 -0.0708497996802
0.006112
4
-2.10866244283 -0.999966211857 0.000124977334114 -0.00038099313113
4.91569455504e-05 -0.00134795478928 -0.00249142480987 0.01031752917
0.1 6.76999523988e-16 3.23315069417e-12 -3.15361326464e-10
-3.14188838247 0.00810931509698 0.014988446963 -0.0620704075452
0.006257
4
-2.11477399462 -0.999964726887 0.000117991715094 -0.000347980870179
4.08278571741e-05 -0.00137725259261 -0.00230224993473 0.00907244726998
0.1 4.85781477953e-15 -2.54909024499e-12 1.45982353552e-10
-3.14183827456 0.00828557109632 0.0138503681261 -0.0545799613242
0.006400
4
-2.12103045014 -0.999963291281 0.000111460099459 -0.00031790210898
3.21229254537e-05 -0.00140499602677 -0.00213195971618 0.00800558247385
0.1 -9.89597366348e-15 1.91004698765e-13 6.76213912727e-11
-3.14178590556 0.00845247598924 0.0128258999461 -0.0481617078486
0.006543
4
-2.12743070327 -0.999961903551 0.000105355909207 -0.00029057495519
2.30450194223e-05 -0.00143130333398 -0.00197824070294 0.00708768511603
0.1 8.59670270352e-16 1.48943533444e-12 -1.16720179573e-10
-3.14173129275 0.00861074112201 0.0119011239875 -0.0426396086555
0.006685
4
-2.13397364786 -0.999960562144 9.9652040553e-05 -0.00026577392745
1.3597008113e-05 -0.00145628103174 -0.00183911231545 0.00629488595457
0.1 5.35943316275e-15 -8.01734505278e-13 2.49678577263e-11
-3.14167445338 0.00876100730488 0.0110641257436 -0.0378701209317
0.006825
4
-2.14065817779 -0.999959265466 9.43221055514e-05 -0.000243290535334
3.78176055906e-06 -0.00148002533044 -0.00171287219362 0.00560760524864
0.1 -2.01225288795e-15 -3.01019254205e-13 3.61612237214e-11
-3.14161540471 0.00890385334252 0.0103046634253 -0.0337354393812
0.006965
4
-2.14748318691 -0.999958011915 8.93405191107e-05 -0.000222913847323
-6.39785420638e-06 -0.00150262335016 -0.00159805157294 0.00500970254075
0.1 -1.06767236751e-15 4.39413420334e-13 -4.77526490283e-11
-3.14155416401 0.0090398033489 0.00961390080624 -0.0301384345734
0.007103
4
-2.15444756909 -0.999956799897 8.46829490221e-05 -0.000204453034228
-1.69389671502e-05 -0.00152415416902 -0.00149337866461 0.00448780996454
0.1 -1.89590332008e-15 -5.58332177066e-13 8.9283236964e-11
-3.14149074852 0.00916933305986 0.00898418725066 -0.026998733117
0.007240
4
-2.16155021819 -0.999955627843 8.03262837557e-05 -0.000187706688515
-2.78387092392e-05 -0.00154468972978 -0.00139774845854 0.00403080632976
0.1 3.68603938461e-15 1.34419364662e-12 -1.63417392286e-10
-3.14142517552 0.00929287528425 0.00840887447406 -0.0242493836393
0.007376
4
-2.16879002809 -0.999954494215 7.62492182934e-05 -0.00017253865761
-3.90942114402e-05 -0.0015642956264 -0.00131019770901 0.00362939994401
0.1 -2.54847584442e-15 -2.20529844291e-12 1.84814954226e-10
-3.14135746226 0.00941082463601 0.00788216801889 -0.0218345252199
0.007511
4
-2.17616589264 -0.999953397518 7.24311771342e-05 -0.000158760664724
-5.070260472e-05 -0.00158303178891 -0.0012298841227 0.00327579596789
0.1 -4.91548734474e-15 1.88440013162e-12 -8.41002619892e-11
-3.141287626 0.00952354165504 0.00739900026311 -0.0197072348885
0.007645
4
-2.18367670571 -0.999952336304 6.8853743476e-05 -0.000146255293378
-6.26610200456e-05 -0.00160095308134 -0.00115606896973 0.0029634296862
0.1 9.15838850319e-15 -1.06732382266e-14 -6.05072001325e-11
-3.14121568401 0.0096313564036 0.0069549272585 -0.0178280315249
0.007778
4
-2.19132136116 -0.999951309171 6.54993678788e-05 -0.000134892059171
-7.49665883837e-05 -0.00161810982563 -0.00108810249826 0.0026867517461
0.1 -1.61408787458e-15 -1.39841019388e-12 1.18024710609e-10
-3.14114165353 0.00973457162027 0.00654604008243 -0.0161635390888
0.007909
4
-2.19909875286 -0.999950314773 6.23518879029e-05 -0.000124548887264
-8.76164407012e-05 -0.00163454826169 -0.00102541165217 0.00244105425494
0.1 -1.94784541255e-15 1.35549849128e-12 -1.03114103281e-10
-3.14106555184 0.0098334654846 0.00616889100535 -0.0146854168954
0.008040
4
-2.20700777468 -0.999949351813 5.93965600333e-05 -0.000115141253988
-0.000100607707965 -0.00165031095272 -0.00096748969213 0.00222232952464
0.1 1.4244904171e-16 -1.09121933869e-12 1.06424092228e-10
-3.14098739619 0.00992829405682 0.0058204316752 -0.0133695660682
0.008169
4
-2.21504732047 -0.99994841905 5.66193679161e-05 -0.00010655362097
-0.000113937521142 -0.00166543714316 -0.000913887392138 0.00202715463035
0.1 3.23378531673e-15 1.47571596713e-12 -1.51974143161e-10
-3.14090720385 0.0100192934325 0.0054979594751 -0.0121953878527
0.008298
4
-2.2232162841 -0.999947515293 5.40079340622e-05 -9.87315601098e-05
-0.000127603011198 -0.00167996307562 -0.000864205549508 0.0018525968583
0.1 -3.08258694551e-15 -2.24889159431e-12 1.70274557937e-10
-3.14082499207 0.0101066816482 0.00519907288251 -0.0111452532919
0.008425
4
-2.23151355944 -0.999946639402 5.15501951667e-05 -9.1576089058e-05
-0.000141601309102 -0.0016939222721 -0.000818088590034 0.00169613583499
0.1 -5.23264243973e-15 1.98977741381e-12 -1.05600714408e-10
-3.14074077811 0.010190660372 0.00492163249278 -0.0102039757777
0.008551
4
-2.23993804036 -0.999945790288 4.92356276271e-05 -8.50403076998e-05
-0.000155929545819 -0.00170734578429 -0.000775219092255 0.00155559922125
0.1 5.80838241658e-15 -6.79259757859e-13 1.92393672649e-11
-3.14065457923 0.0102714164108 0.00466372902307 -0.00935850529078
0.008676
4
-2.2484886207 -0.99994496691 4.70540765096e-05 -7.90531825257e-05
-0.000170584852316 -0.00172026241659 -0.000735313084018 0.00142910936468
0.1 -1.58801101054e-15 -1.85709531007e-13 1.07011230283e-11
-3.1405664127 0.0103491230538 0.00442365395482 -0.0085975436792
0.008800
4
-2.25716419435 -0.999944168274 4.49964673238e-05 -7.35703820504e-05
-0.000185564359561 -0.00173269892553 -0.00069811599135 0.00131503890278
0.1 -2.39391652436e-15 9.28210522937e-14 6.50349508702e-12
-3.14047629578 0.0104239412679 0.00419987567944 -0.00791129244686
0.008923
4
-2.26596365516 -0.999943393432 4.30542190452e-05 -6.85380854682e-05
-0.000200865198519 -0.00174468019818 -0.00066339913962 0.00121197373916
0.1 7.50602466987e-16 2.64512455629e-13 -3.58763894505e-12
-3.14038424571 0.0104960207737 0.00399101861347 -0.00729125156224
0.009044
4
-2.27488589701 -0.999942641478 4.12195743754e-05 -6.3916938163e-05
-0.000216484500159 -0.00175622941235 -0.000630956722456 0.00111868194932
0.1 4.61406494161e-15 1.6847763612e-13 -3.70208552881e-11
-3.14029027977 0.0105655010095 0.0037958445621 -0.00673000474607
0.009165
4
-2.28392981374 -0.999941911548 3.94852958618e-05 -5.96707607094e-05
-0.000232419395447 -0.00176736818048 -0.000600603171049 0.00103408772699
0.1 -1.42348971356e-15 -8.36020947956e-13 3.6530158228e-11
-3.14019441522 0.0106325119964 0.0036132372132 -0.00622108842058
0.009284
4
-2.29309429924 -0.999941202817 3.78446445102e-05 -5.57596137899e-05
-0.000248667015349 -0.00177811667931 -0.000572170863387 0.000957249364111
0.1 -7.54245080784e-15 1.68378070209e-13 2.81270179912e-11
-3.1400966693 0.0106971751177 0.00344218799237 -0.00575882514909
0.009403
4
-2.30237824736 -0.9999405145 3.62915445693e-05 -5.21583695982e-05
-0.000265224490832 -0.0017884937668 -0.000545508126151 0.000887340670862
0.1 2.85796689553e-15 9.51813732883e-13 -4.7669477305e-11
-3.1399970593 0.0107596038227 0.00328178460377 -0.00533825381531
0.009520
4
-2.31178055197 -0.999939845846 3.48202299158e-05 -4.88357291705e-05
-0.000282088952864 -0.00179851708786 -0.000520477486931 0.000823635208277
0.1 8.11358837278e-15 -3.92875547603e-13 -2.31937215707e-11
-3.13989560246 0.010819904264 0.00313119993015 -0.00495499947916
0.009636
4
-2.32130010693 -0.999939196138 3.34254623349e-05 -4.57719929046e-05
-0.000299257532411 -0.00180820317 -0.000496954142313 0.000765492869348
0.1 -5.67320680142e-15 -1.05529733335e-12 9.27027355649e-11
-3.13979231604 0.0108781758717 0.00298968320143 -0.00460521982563
0.009751
4
-2.33093580611 -0.999938564694 3.21022459946e-05 -4.29334265895e-05
-0.000316727360439 -0.00181756751011 -0.000474824612684 0.000712348481889
0.1 -1.86919562057e-16 1.62463348707e-12 -9.50731648641e-11
-3.13968721731 0.0109345118742 0.00285655152554 -0.00428549471485
0.009865
4
-2.34068654336 -0.999937950861 3.08462707584e-05 -4.03156374605e-05
-0.000334495567917 -0.00182662465327 -0.00045398555734 0.000663702008727
0.1 4.37665745855e-15 -1.1566385935e-12 4.15848721047e-11
-3.13958032352 0.0109889997755 0.00273118358582 -0.00399284266841
0.009978
4
-2.35055121257 -0.999937354018 2.96530950823e-05 -3.78869673072e-05
-0.00035255928581 -0.00183538826438 -0.000434342730318 0.000619110212644
0.1 -6.30288204691e-15 7.41011643523e-14 2.05240463127e-11
-3.13947165193 0.0110417217843 0.00261301200154 -0.00372457532839
0.010090
4
-2.36052870759 -0.99993677357 2.85189726203e-05 -3.56359849815e-05
-0.000370915645086 -0.00184387119348 -0.000415810056722 0.000578179442478
0.1 1.30620213508e-15 6.88475541325e-13 -4.06124233253e-11
-3.13936121982 0.0110927552057 0.00250151918906 -0.00347833610559
0.010200
4
-2.37061792228 -0.999936208949 2.74402868026e-05 -3.35501625324e-05
-0.000389561776711 -0.00185208553526 -0.000398308815631 0.000540559466817
0.1 2.79577389528e-15 -5.40844907812e-13 2.84432090167e-11
-3.13924904443 0.0111421728021 0.00239623146295 -0.00325201250346
0.010310
4
-2.38081775051 -0.999935659613 2.64136033406e-05 -3.16114607028e-05
-0.000408494811652 -0.00186004268351 -0.000381766914701 0.000505938125634
0.1 6.40549684947e-16 3.2955839578e-13 -1.90314153831e-11
-3.13913514302 0.0111900431187 0.00229671518036 -0.00304373186841
0.010418
4
-2.39112708615 -0.999935125045 2.54358606942e-05 -2.98093918916e-05
-0.000427711880876 -0.00186775338083 -0.000366118245804 0.000474036716659
0.1 1.36714719588e-15 -2.59083382501e-13 -1.76087261428e-12
-3.13901953286 0.011236430783 0.0022025725376 -0.00285181064697
0.010526
4
-2.40154482306 -0.99993460475 2.45041608001e-05 -2.81353261697e-05
-0.00044721011535 -0.00187522776422 -0.000351302111334 0.000444605994335
0.1 -4.60472268195e-15 -3.14119890265e-13 3.54655354101e-11
-3.1389022312 0.0112813967793 0.00211343849261 -0.00267475704545
0.010632
4
-2.4120698551 -0.999934098253 2.36157268461e-05 -2.65733655995e-05
-0.000466986646041 -0.00188247540687 -0.000337262712639 0.000417422689729
0.1 5.7036937408e-16 8.05781320925e-13 -3.67727142243e-11
-3.13878325532 0.0113249987001 0.00202897723691 -0.00251122011532
0.010737
4
-2.42270107614 -0.999933605103 2.27681488086e-05 -2.51200148882e-05
-0.000487038603915 -0.00188950535651 -0.000323948693275 0.000392286509673
0.1 5.23425963033e-15 -3.67112825235e-13 -3.35534171416e-12
-3.13866262245 0.0113672909765 0.00194887993012 -0.00236000088389
0.010841
4
-2.43343738004 -0.999933124867 2.19590065486e-05 -2.37649510743e-05
-0.00050736311994 -0.00189632617072 -0.000311312729705 0.000369017458694
0.1 -3.80958287454e-15 -4.75191932266e-13 3.62080453722e-11
-3.13854034988 0.0114083250916 0.00187286180444 -0.00222001541127
0.010944
4
-2.44427766067 -0.99993265713 2.1186098462e-05 -2.24973543513e-05
-0.000527957325081 -0.00190294594936 -0.000299311165846 0.000347453589106
0.1 -1.34638349708e-15 7.02403215362e-13 -2.32153374003e-11
-3.13841645485 0.0114481497735 0.00180066018877 -0.00209028476244
0.011046
4
-2.45522081189 -0.999932201497 2.04474726992e-05 -2.13169104637e-05
-0.000548818350307 -0.0019093723645 -0.000287903683513 0.000327448932026
0.1 5.68624915079e-15 -5.97951315166e-14 -2.53474749258e-11
-3.13829095462 0.0114868111779 0.00173203264471 -0.00196993728274
0.011146
4
-2.46626572757 -0.999931757587 1.97410942142e-05 -2.02103250599e-05
-0.000569943326584 -0.001915612688 -0.0002770530079 0.000308871780596
0.1 -4.91239494691e-15 -8.99734435428e-13 5.67495885713e-11
-3.13816386647 0.0115243530526 0.00166675483085 -0.00185817805448
0.011246
4
-2.47741130157 -0.999931325039 1.90652809274e-05 -1.91766864702e-05
-0.000591329384878 -0.00192167381697 -0.000266724640958 0.000291603091016
0.1 -3.81803353817e-15 9.97915694524e-13 -3.76887596444e-11
-3.13803520764 0.0115608168902 0.001604619194 -0.00175428712474
0.011344
4
-2.48865642776 -0.999930903502 1.84183035814e-05 -1.82076071985e-05
-0.000612973656157 -0.00192756229734 -0.000256886622581 0.000275535158112
0.1 4.32736373259e-15 -2.73616471619e-13 1.76978096565e-12
-3.1379049954 0.0115962420714 0.00154543357662 -0.00165762439139
0.011442
4
-2.5 -0.999930492644 1.77986427144e-05 -1.7300870527e-05
-0.000634873271387 -0.00193328434564 -0.000247509313794 0.000260570379719
0.1 -1.19735986296e-15 -2.13385382728e-13 1.69295751174e-11
-3.137773247 0.011630665995 0.00148901952087 -0.00156759442084
0.011538
4
-2.51144091215 -0.999930092145 1.72047880979e-05 -1.64496128126e-05
-0.000657025361535 -0.00193884586916 -0.000238565201838 0.000246620214458
0.1 5.68543185296e-16 3.67724470873e-13 -1.81099409534e-11
-3.13763997971 0.0116641241992 0.00143521163981 -0.00148367082493
0.011633
4
-2.52297805809 -0.999929701698 1.66354034309e-05 -1.56510920293e-05
-0.000679427057569 -0.00194425248468 -0.000230028723182 0.000233604234286
0.1 1.82149471372e-15 -2.59130569186e-13 7.43683168135e-12
-3.13750521079 0.0116966504748 0.00138385605909 -0.0014053665095
0.011727
4
-2.53461033167 -0.99992932101 1.60891915757e-05 -1.49015745073e-05
-0.000702075490454 -0.00194950953582 -0.000221876103419 0.000221449289957
0.1 -1.18823160824e-15 4.09507742596e-16 4.2514997758e-12
-3.1373689575 0.011728276969 0.00133480977868 -0.00133224215685
0.011820
4
-2.54633662675 -0.999928949798 1.5564933644e-05 -1.4196461921e-05
-0.000724967791158 -0.00195462210916 -0.00021408521215 0.000210088781604
0.1 5.75441826868e-16 1.4998313018e-13 -9.78896911364e-12
-3.13723123709 0.0117590342825 0.00128793966322 -0.00126389677006
0.011912
4
-2.55815583722 -0.999928587792 1.50615248714e-05 -1.35349607495e-05
-0.000748101090648 -0.00195959504922 -0.000206635430909 0.000199461996321
0.1 1.81012476767e-17 -1.97135254292e-13 8.24309452738e-12
-3.13709206684 0.0117889515604 0.00124312168496 -0.00119996689794
0.012003
4
-2.57006685692 -0.999928234731 1.45778446925e-05 -1.29098621011e-05
-0.00077147251989 -0.00196443297242 -0.000199507533323 0.000189513525886
0.1 -1.16949381127e-15 9.74368179456e-14 2.58538946301e-12
-3.13695146399 0.0118180565747 0.001200240127 -0.00114011506368
0.012092
4
-2.58206857972 -0.999927890367 1.41129894925e-05 -1.2325007166e-05
-0.000795079209851 -0.00196914028003 -0.000192683576003 0.000180192752713
0.1 2.28686353646e-15 1.90530898001e-13 -1.43476220135e-11
-3.13680944581 0.0118463758039 0.00115918713884 -0.0010840428537
0.012181
4
-2.59415989949 -0.99992755446 1.36658803676e-05 -1.17701456023e-05
-0.000818918291498 -0.00197372117033 -0.000186146798954 0.000171453381917
0.1 6.00959229026e-16 -3.29951778833e-13 1.28552492315e-11
-3.13666602955 0.0118739345049 0.0011198617701 -0.00103146547073
0.012268
4
-2.60633971009 -0.999927226779 1.32357747049e-05 -1.12507754771e-05
-0.000842986895799 -0.00197817964985 -0.000179881534875 0.000163253024199
0.1 -1.71515055073e-15 1.39805833056e-13 -5.0382333851e-12
-3.13652123249 0.0119007567808 0.00108216987105 -0.000982133210967
0.012354
4
-2.61860690539 -0.999926907103 1.28216981246e-05 -1.07570051646e-05
-0.000867282153719 -0.00198251954389 -0.000173873126465 0.000155552841962
0.1 -5.59703020221e-16 -4.56226696674e-14 2.52552413363e-14
-3.13637507187 0.0119268656448 0.001046023175 -0.00093580729933
0.012440
4
-2.63096037925 -0.999926595221 1.24230097744e-05 -1.02950716452e-05
-0.000891801196225 -0.00198674450642 -0.000168107850259 0.000148317192237
0.1 -1.67541833379e-15 -4.46866312119e-14 9.54023445275e-12
-3.13622756497 0.0119522830792 0.00101133922138 -0.000892278986634
0.012524
4
-2.64339902554 -0.999926290926 1.20388112496e-05 -9.85527338018e-06
-0.000916541154285 -0.00199085802924 -0.00016257284784 0.000141513358598
0.1 1.64166199145e-15 3.11342363024e-13 -1.88191195183e-11
-3.13607872903 0.0119770300908 0.000978040543893 -0.000851345885674
0.012607
4
-2.65592173812 -0.999925994024 1.16685396342e-05 -9.44200720874e-06
-0.000941499158866 -0.00199486345059 -0.000157256061804 0.00013511125658
0.1 5.85083147101e-16 -3.9570913266e-13 1.50659896853e-11
-3.13592858132 0.0120011267622 0.000946054701982 -0.000812831508189
0.012688
4
-2.66852741085 -0.999925704324 1.13114445966e-05 -9.05054700516e-06
-0.000966672340933 -0.00199876396319 -0.000152146178049 0.000129083220156
0.1 -2.20885887159e-15 1.7408392449e-13 -8.7085864245e-14
-3.1357771391 0.0120245923014 0.000915313558541 -0.000776566592537
0.012769
4
-2.6812149376 -0.999925421646 1.09669317801e-05 -8.6799529937e-06
-0.000992057831454 -0.00200256262186 -0.000147232571865 0.000123403763053
0.1 2.16679710383e-15 1.70768965034e-13 -8.88773738703e-12
-3.13562441963 0.0120474450855 0.000885753229884 -0.000742398490107
0.012849
4
-2.69398321224 -0.999925145813 1.06344228651e-05 -8.32963414169e-06
-0.0010176527614 -0.00200626235049 -0.000142505259241 0.000118049403306
0.1 2.18045092994e-15 -1.69699689324e-13 -6.40226683062e-12
-3.13547044017 0.0120697027053 0.00085731366153 -0.000710186634083
0.012927
4
-2.70683112862 -0.999924876658 1.03133434586e-05 -7.99856933115e-06
-0.00104345426173 -0.00200986594877 -0.000137954851419 0.000112998471671
0.1 -5.35137297831e-15 -4.16485562418e-13 3.20244543582e-11
-3.13531521798 0.0120913820039 0.000829938353192 -0.000679801318496
0.013005
4
-2.71975758062 -0.999924614018 1.00031407466e-05 -7.68337534362e-06
-0.00106945946341 -0.00201337609838 -0.000133572513664 0.000108230969399
0.1 -6.39261999723e-17 8.25495619477e-13 -3.16441887073e-11
-3.13515877032 0.0121124991135 0.000803574111805 -0.000651118147214
0.013081
4
-2.7327614621 -0.999924357737 9.70337700306e-06 -7.38580395778e-06
-0.00109566549742 -0.00201679536884 -0.000129349926702 0.000103728413203
0.1 5.35137923424e-15 -4.0908944813e-13 4.27751211348e-12
-3.13500111444 0.0121330694929 0.000778171003852 -0.000624032052703
0.013156
4
-2.74584166692 -0.999924107665 9.41353155649e-06 -7.10378792595e-06
-0.00112206949471 -0.00202012622302 -0.000125279251604 9.94737082135e-05
0.1 -3.15550528935e-15 -2.41224525657e-13 1.52103533854e-11
-3.13484226762 0.0121531079589 0.000753681747161 -0.000598435112511
0.013231
4
-2.75899708895 -0.999923863657 9.13315025883e-06 -6.83525830071e-06
-0.00114866858626 -0.0020233710223 -0.000121353097321 9.54510369872e-05
0.1 -1.60446261729e-15 3.59116963192e-13 -1.20356218284e-11
-3.13468224711 0.0121726287173 0.00073006195232 -0.000574234809119
0.013304
4
-2.77222662205 -0.999923625574 8.8618477426e-06 -6.58168264244e-06
-0.00117545990303 -0.00202653203149 -0.000117564490458 9.16457477985e-05
0.1 1.57775430328e-15 -1.18596437368e-13 8.81831462918e-12
-3.13452107017 0.0121916453933 0.000707269639027 -0.000551342342832
0.013375
4
-2.78552916008 -0.99992339328 8.59916839887e-06 -6.33905262297e-06
-0.00120244057599 -0.00202961142331 -0.000113906847543 8.80442549811e-05
0.1 3.10436316494e-15 2.33348380602e-13 -1.73536629973e-11
-3.13435875406 0.012210171058 0.000685265198423 -0.000529674887799
0.013446
4
-2.79890359692 -0.999923166647 8.34480510723e-06 -6.11145813007e-06
-0.0012296077361 -0.00203261128282 -0.000110373949515 8.46339653064e-05
0.1 3.2780758279e-17 -4.62991451962e-13 1.71713861345e-11
-3.13419531604 0.0122282182553 0.000664011257814 -0.000509159600487
0.013516
4
-2.81234882642 -0.999922945549 8.09827626673e-06 -5.89208804324e-06
-0.00125695851434 -0.00203553361139 -0.000106959917562 8.14031759385e-05
0.1 -3.10436610387e-15 2.29681527769e-13 2.7028183922e-12
-3.13403077337 0.0122457990256 0.000643472374415 -0.000489722991451
0.013585
4
-2.82586374246 -0.999922729866 7.85936460614e-06 -5.68547408036e-06
-0.00128449004167 -0.00203838033063 -0.000103659191606 7.83410278922e-05
0.1 4.5856279934e-15 3.39275075189e-13 -2.94301051543e-11
-3.13386514331 0.0122629249285 0.000623615146848 -0.000471299525754
0.013652
4
-2.83944723889 -0.999922519482 7.62766082727e-06 -5.48904416148e-06
-0.00131219944905 -0.00204115328592 -0.000100466509352 7.54374164864e-05
0.1 -2.48966403767e-15 -8.60108912905e-13 4.18187731449e-11
-3.13369844313 0.012279607067 0.000604407974402 -0.00045383385819
0.013718
4
-2.85309820957 -0.999922314285 7.40285104285e-06 -5.30064981883e-06
-0.00134008386745 -0.00204385424989 -9.73768877642e-05 7.26829496991e-05
0.1 -2.59184137925e-15 8.52624506366e-13 -3.05405653972e-11
-3.13353069007 0.0122958561046 0.000585820714249 -0.000437261169366
0.013784
4
-2.86681554838 -0.999922114167 7.18470164536e-06 -5.12320788578e-06
-0.00136814042785 -0.0020464849256 -9.43856051429e-05 7.00688768391e-05
0.1 3.55874272196e-15 -4.04279112662e-13 8.0306882258e-12
-3.13336190141 0.0123116822867 0.000567825135612 -0.000421534916441
0.013848
4
-2.88059814919 -0.999921919024 6.97285173716e-06 -4.95308471239e-06
-0.0013963662612 -0.00204904694965 -9.14881851167e-05 6.75870573462e-05
0.1 -3.00891712007e-15 -7.22019060769e-14 9.53977259216e-12
-3.13319209439 0.0123270954598 0.000550394233852 -0.000406605483327
0.013911
4
-2.89444490584 -0.999921728755 6.76708317477e-06 -4.79135958561e-06
-0.00142475849847 -0.00205154189499 -8.86803810041e-05 6.52298917639e-05
0.1 4.79518361879e-16 3.24113805386e-13 -1.46136796135e-11
-3.13302128629 0.0123421050863 0.000533502411762 -0.00039242349193
0.013973
4
-2.90835471221 -0.999921543264 6.56712685302e-06 -4.63758697695e-06
-0.00145331427064 -0.00205397127369 -8.59581621866e-05 6.2990303779e-05
0.1 1.01313280287e-15 -2.85754348013e-13 9.35495917285e-12
-3.13284949436 0.0123567202628 0.00051712552403 -0.00037895045319
0.014034
4
-2.92232646217 -0.999921362458 6.3727259664e-06 -4.49113564945e-06
-0.00148203070866 -0.0020563365395 -8.33177004628e-05 6.08616831411e-05
0.1 -1.49307125391e-15 1.06391905322e-13 -3.3586243358e-12
-3.13267673586 0.0123709497355 0.000501240473366 -0.000366145196598
0.014093
4
-2.93635904957 -0.999921186246 6.18364432014e-06 -4.35066173361e-06
-0.00151090494351 -0.0020586390903 -8.07553580754e-05 5.88378580935e-05
0.1 -4.91316691961e-16 -3.50097953043e-14 8.31456822771e-13
-3.13250302806 0.0123848019137 0.000485825366377 -0.000353968958273
0.014152
4
-2.95045136828 -0.99992101454 5.99969707141e-06 -4.21808524434e-06
-0.00153993410614 -0.00206088027041 -7.82676762512e-05 5.69130687388e-05
0.1 -9.82689132155e-16 1.44441994815e-16 3.2443179495e-12
-3.1323283882 0.012398284885 0.000470859455442 -0.000342389982896
0.014210
4
-2.96460231217 -0.999920847259 5.82061324849e-06 -4.09078713207e-06
-0.00156911532754 -0.00206306137277 -7.58513642677e-05 5.50819221482e-05
0.1 9.70723772379e-16 1.3788581693e-13 -2.44271089373e-12
-3.13215283356 0.0124114064277 0.000456322881733 -0.000331373906678
0.014266
4
-2.9788107751 -0.99992068432 5.64622803918e-06 -3.96897782774e-06
-0.00159844573866 -0.00206518364099 -7.35032898719e-05 5.33393807964e-05
0.1 3.40968433492e-15 3.37560646971e-14 -8.72148436174e-12
-3.1319763814 0.0124241740232 0.000442196820852 -0.000320889824616
0.014321
4
-2.99307565094 -0.999920525645 5.47636362499e-06 -3.85486643474e-06
-0.00162792247047 -0.00206724827137 -7.12204696937e-05 5.16807308987e-05
0.1 -9.52150336508e-16 -3.395062452e-13 1.6533041536e-11
-3.13179904896 0.0124365948689 0.000428463369964 -0.000310912568056
0.014376
4
-3.00739583354 -0.999920371159 5.31074327576e-06 -3.74263709525e-06
-0.00165754265393 -0.00206925641472 -6.90000605447e-05 5.01015537688e-05
0.1 -5.03713388052e-16 3.70818784065e-13 -1.48070338788e-11
-3.13162085352 0.0124486758878 0.000415105333058 -0.000301411418614
0.014429
4
-3.02177021678 -0.99992022079 5.14933611108e-06 -3.63918206942e-06
-0.00168730342003 -0.00207120917814 -6.68393515222e-05 4.85977181847e-05
0.1 9.77839154724e-16 -2.67758052228e-13 7.72584458985e-12
-3.13144181233 0.0124604237401 0.000402106487259 -0.000292364549767
0.014481
4
-3.03619769452 -0.999920074467 4.99181087736e-06 -3.53738591022e-06
-0.00171720189971 -0.00207310762667 -6.47357560523e-05 4.71653482245e-05
0.1 -1.92370129112e-15 6.66620046653e-14 -2.28960818e-12
-3.13126194265 0.0124718448334 0.000389451227601 -0.000283747586418
0.014532
4
-3.05067716063 -0.999919932123 4.83814020601e-06 -3.44234400057e-06
-0.00174723522395 -0.00207495278493 -6.26868049595e-05 4.58008093148e-05
0.1 -1.43339979371e-15 -3.28028643354e-14 5.25715348703e-12
-3.13108126174 0.0124829453316 0.000377124700836 -0.000275538195038
0.014581
4
-3.06520750896 -0.999919793693 4.68807280776e-06 -3.35050500537e-06
-0.00177740052372 -0.00207674563859 -6.0690139812e-05 4.45006984861e-05
0.1 9.43628047804e-16 1.96380316035e-13 -8.95344936231e-12
-3.13089978687 0.0124937311645 0.000365112740369 -0.000267716752207
0.014630
4
-3.07978763339 -0.999919659114 4.54150870288e-06 -3.26290821926e-06
-0.00180769492998 -0.00207848713581 -5.87435063852e-05 4.32618157231e-05
0.1 9.59696268176e-16 -1.95278341179e-13 8.12945331713e-12
-3.1307175353 0.0125042080365 0.000353401769609 -0.000260263755006
0.014678
4
-3.09441642777 -0.999919528324 4.39829994765e-06 -3.1802417294e-06
-0.0018381155737 -0.0020801781886 -5.68447490919e-05 4.20811625143e-05
0.1 4.65851509819e-16 1.61522651064e-13 -5.13126183756e-12
-3.13053452427 0.0125143814341 0.000341978816256 -0.000253161099947
0.014724
4
-3.10909278598 -0.999919401267 4.2582655695e-06 -3.09933228044e-06
-0.00186865958585 -0.00208181967413 -5.49918052197e-05 4.09559221452e-05
0.1 1.89107582807e-15 -6.44202556975e-14 -1.42890684338e-12
-3.13035077106 0.0125242566342 0.000330831469538 -0.000246390938543
0.014769
4
-3.12381560187 -0.999919277886 4.12136183108e-06 -3.02471463036e-06
-0.00189932409739 -0.00208341243593 -5.31826997916e-05 3.98834470708e-05
0.1 -9.35317383686e-16 -1.27537943966e-13 5.02906624562e-12
-3.13016629293 0.0125338387117 0.000319947886383 -0.000239939760205
0.014814
4
-3.13858376931 -0.999919158125 3.98734252829e-06 -2.95127686799e-06
-0.00193010623928 -0.00208495728505 -5.14155407626e-05 3.88612531732e-05
0.1 -1.41159396461e-15 9.5290333828e-14 1.39798388836e-12
-3.12998110713 0.012543132546 0.000309316615899 -0.000233789766592
0.014857
4
-3.15339618217 -0.999919041934 3.85618532333e-06 -2.88199205871e-06
-0.00196100314251 -0.00208645500122 -4.96885142668e-05 3.78870033789e-05
0.1 2.33192763253e-15 1.57417903545e-13 -1.05655526929e-11
-3.12979523092 0.0125521428276 0.000298926803724 -0.000227928587023
0.014899
4
-3.16825173431 -0.999918929262 3.72773416701e-06 -2.81622108476e-06
-0.00199201193803 -0.00208790633384 -4.79998804002e-05 3.69585019872e-05
0.1 1.31787872353e-17 -3.13491603837e-13 1.53817089969e-11
-3.12960868157 0.0125608740652 0.000288767965682 -0.00022234319674
0.014940
4
-3.1831493196 -0.99991882006 3.60185927394e-06 -2.75275707363e-06
-0.00202312975681 -0.00208931200301 -4.63479690816e-05 3.60736837431e-05
0.1 9.14906414949e-16 3.7401513548e-13 -2.07941282971e-11
-3.12942147633 0.0125693305908 0.000278830029252 -0.000217019319459
0.014980
4
-3.1980878319 -0.999918714281 3.47848296552e-06 -2.6928353613e-06
-0.00205435372981 -0.00209067270048 -4.47311762399e-05 3.52306075178e-05
0.1 -1.833188339e-15 -5.57960595586e-13 2.75163229621e-11
-3.12923363247 0.0125775165661 0.00026910340181 -0.000211948318005
0.015018
4
-3.21306616507 -0.999918611882 3.35747056706e-06 -2.63495703364e-06
-0.00208568098801 -0.00209198909053 -4.31479601339e-05 3.44274470058e-05
0.1 -2.62747642306e-17 6.78585940534e-13 -2.9366039039e-11
-3.12904516724 0.0125854359873 0.000259578729534 -0.000207115712478
0.015056
4
-3.22808321298 -0.999918512818 3.23875307091e-06 -2.58079813107e-06
-0.00211710866237 -0.00209326181087 -4.15968379504e-05 3.3662483463e-05
0.1 4.85705400009e-16 -6.44495453994e-13 2.30639533642e-11
-3.1288560979 0.0125930926908 0.00025024716986 -0.000202514028323
0.015092
4
-3.24313786949 -0.999918417048 3.12218447827e-06 -2.52759493906e-06
-0.00214863388386 -0.00209449147342 -4.00763826018e-05 3.29341041461e-05
0.1 -3.23680596231e-15 3.97249172239e-13 -1.01193752678e-11
-3.12866644172 0.0126004903582 0.000241100086642 -0.000198132116321
0.015128
4
-3.25822902847 -0.999918324533 3.00774212519e-06 -2.47898432149e-06
-0.00218025378344 -0.00209567866507 -3.85852194742e-05 3.22407834624e-05
0.1 1.83909173183e-15 -6.09275313789e-14 3.3385534942e-12
-3.12847621596 0.01260763252 0.000232129224555 -0.000193961159692
0.015162
4
-3.27335558378 -0.999918235234 2.89523745088e-06 -2.43022336356e-06
-0.00221196549208 -0.00209682394847 -3.7122023918e-05 3.15810981e-05
0.1 2.28777842003e-15 9.05872927737e-14 -9.2729542964e-12
-3.12828543787 0.0126145225609 0.000223326612569 -0.000189991771776
0.015195
4
-3.2885164293 -0.999918149115 2.78469568474e-06 -2.38610020782e-06
-0.00224376614075 -0.00209792786267 -3.5685517952e-05 3.09536981489e-05
0.1 -1.36048331225e-15 -3.3120469581e-13 1.77900008896e-11
-3.12809412472 0.0126211637245 0.000214684597881 -0.000186218446349
0.015227
4
-3.30371045887 -0.999918066139 2.67592334572e-06 -2.34274321867e-06
-0.00227565286042 -0.00209899092383 -3.42744681821e-05 3.03573208128e-05
0.1 8.96963357938e-16 4.79767115733e-13 -2.16170229387e-11
-3.12790229376 0.0126275591156 0.000206195676958 -0.000182629997275
0.015258
4
-3.31893656637 -0.999917986274 2.56890199246e-06 -2.30147943559e-06
-0.00230762278204 -0.0021000136258 -3.28876830113e-05 2.97907783384e-05
0.1 4.70961877579e-16 -5.07743179824e-13 1.36991526944e-11
-3.12770996226 0.0126337117049 0.000197852761141 -0.000179221159358
0.015288
4
-3.33419364566 -0.999917909487 2.46355178551e-06 -2.26351446132e-06
-0.0023396730366 -0.00210099644075 -3.15240103168e-05 2.92529491523e-05
0.1 -5.45549193139e-15 1.19335450146e-13 5.79424615e-12
-3.12751714748 0.0126396243338 0.000189648913679 -0.000175987272486
0.015317
4
-3.34948059061 -0.999917835748 2.35973659654e-06 -2.2256312531e-06
-0.00237180075505 -0.00210193981974 -3.01823354585e-05 2.87427877605e-05
0.1 2.25620804089e-15 3.8508624136e-13 -1.60939495512e-11
-3.12732386667 0.0126452997151 0.00018157732754 -0.000172915926641
0.015345
4
-3.36479629508 -0.999917765026 2.2574668584e-06 -2.19105696371e-06
-0.00240400306836 -0.00210284419322 -2.88615787636e-05 2.8259303605e-05
0.1 2.72553769612e-15 -3.54445073181e-13 6.42590481875e-12
-3.12713013709 0.0126507404386 0.000173631686719 -0.000170008855473
0.015371
4
-3.38013965293 -0.999917697294 2.15660404729e-06 -2.15831478057e-06
-0.0024362771075 -0.00210370997157 -2.75606939173e-05 2.78015738118e-05
0.1 -3.61303244039e-15 -5.86358657285e-14 1.08063593744e-11
-3.12693597602 0.0126559489737 0.000165805522744 -0.000167254837598
0.015397
4
-3.39550955804 -0.999917632525 2.05707657258e-06 -2.12624128374e-06
-0.00246862000344 -0.00210453754555 -2.62786657075e-05 2.73687289687e-05
0.1 2.24411298826e-15 4.39683317833e-13 -2.09091673044e-11
-3.1267414007 0.0126609276703 0.00015809281477 -0.000164650124739
0.015421
4
-3.41090490425 -0.999917570693 1.95886581803e-06 -2.09655214678e-06
-0.00250102888714 -0.0021053272868 -2.50145083687e-05 2.69599549308e-05
0.1 9.13467421912e-16 -5.26107871343e-13 1.89314539379e-11
-3.12654642839 0.0126656787649 0.000150487651089 -0.000162192081941
0.015444
4
-3.42632458545 -0.999917511774 1.86187332299e-06 -2.0694855094e-06
-0.00253350088957 -0.00210607954821 -2.37672637918e-05 2.65744907039e-05
0.1 -1.80667407714e-15 3.49715301077e-13 -7.55152976294e-12
-3.12635107637 0.0126702043802 0.000142984181773 -0.000159872122846
0.015466
4
-3.44176749549 -0.999917455744 1.76598877528e-06 -2.0418435318e-06
-0.0025660331417 -0.00210679466435 -2.25359997844e-05 2.62116224924e-05
0.1 3.59182432751e-15 -1.66354297626e-16 -7.4869410544e-12
-3.12615536188 0.0126745065289 0.000135576898117 -0.000157689451317
0.015487
4
-3.45723252824 -0.999917402583 1.6712494213e-06 -2.01802684903e-06
-0.00259862277449 -0.00210747295187 -2.13198085615e-05 2.58706869928e-05
0.1 -1.78610171914e-15 -3.47552404095e-13 1.37013446786e-11
-3.12595930219 0.0126785871163 0.00012826027639 -0.000155638688281
0.015507
4
-3.47271857756 -0.999917352269 1.57748788451e-06 -1.99418192426e-06
-0.00263126691891 -0.00210811470982 -2.01178050444e-05 2.55510603587e-05
0.1 -2.69231354444e-15 2.89039291241e-13 -6.21449772043e-12
-3.12576291455 0.0126824479413 0.000121028993712 -0.000153715348968
0.015526
4
-3.48822453731 -0.999917304782 1.48471510083e-06 -1.97270626332e-06
-0.00266396270593 -0.00210872022001 -1.89291256332e-05 2.52521686125e-05
0.1 1.78880521788e-15 -6.98646052438e-17 -1.23381875478e-12
-3.12556621623 0.0126860906991 0.000113877890473 -0.000151917508937
0.015544
4
-3.50374930137 -0.999917260105 1.39283010242e-06 -1.95216562827e-06
-0.00269670726651 -0.00210928974733 -1.77529264615e-05 2.49734727544e-05
0.1 8.94369475897e-16 -5.75388534926e-14 3.0786644374e-12
-3.12536922449 0.0126895169835 0.00010680185471 -0.000150240730984
0.015560
4
-3.5192917636 -0.999917218221 1.30179818691e-06 -1.93332589519e-06
-0.00272949773162 -0.00210982354 -1.65883823118e-05 2.47144770317e-05
0.1 1.33712152194e-15 8.60231050208e-14 -7.36178328244e-12
-3.12517195659 0.0126927282877 9.97959422353e-05 -0.000148682461899
0.015576
4
-3.53485081786 -0.999917179112 1.2115485466e-06 -1.91596535885e-06
-0.00276233123223 -0.0021103218299 -1.54346851167e-05 2.44747224044e-05
0.1 -1.33317957575e-15 -2.57632506756e-13 9.79570094924e-12
-3.12497442979 0.012695726007 9.28552920635e-05 -0.000147240565913
0.015590
4
-3.55042535801 -0.999917142765 1.12202029191e-06 -1.89983177847e-06
-0.0027952048993 -0.0021107848328 -1.42910427378e-05 2.42537856861e-05
0.1 -2.22935806897e-15 2.00096024416e-13 -3.05949292433e-12
-3.12477666134 0.012698511439 8.59751097964e-05 -0.000145911051855
0.015603
4
-3.56601427792 -0.999917109165 1.03316395168e-06 -1.88488956669e-06
-0.0028281158638 -0.00211121274858 -1.31566777602e-05 2.40512808539e-05
0.1 1.7788483079e-15 5.70015950585e-14 -4.86799690664e-12
-3.12457866851 0.0127010857862 7.9150757128e-05 -0.000144692765779
0.015616
4
-3.58161647146 -0.9999170783 9.44931401176e-07 -1.87125383028e-06
-0.00286106125671 -0.00211160576147 -1.20308262037e-05 2.38668545154e-05
0.1 2.07935389625e-18 -1.7087158674e-13 6.07588435601e-12
-3.12438046856 0.0127034501573 7.23776219856e-05 -0.000143583288187
0.015627
4
-3.59723083248 -0.999917050157 8.57268832156e-07 -1.85955088437e-06
-0.00289403820897 -0.00211196404026 -1.09127364248e-05 2.37001843413e-05
0.1 -8.89674725553e-16 1.13765175571e-13 -3.63823965109e-12
-3.12418207875 0.0127056055677 6.56511802239e-05 -0.000142580847428
0.015637
4
-3.61285625487 -0.999917024727 7.70092795768e-07 -1.84822078285e-06
-0.00292704385157 -0.00211228773843 -9.80166807499e-06 2.35509859445e-05
0.1 5.6549224641e-19 -5.67960684782e-14 3.0245077945e-12
-3.12398351634 0.0127075529404 5.89669677896e-05 -0.000141682838867
0.015646
4
-3.62849163246 -0.999917001999 6.83392711319e-07 -1.83869325169e-06
-0.00296007531547 -0.00211257699439 -8.69689071873e-06 2.34190003366e-05
0.1 4.42889529495e-16 8.50836699352e-14 -3.62387251332e-12
-3.12378479858 0.0127092931083 5.2320622175e-05 -0.000140889091777
0.015653
4
-3.64413585915 -0.999916981966 5.97090745456e-07 -1.83046684704e-06
-0.00299312973163 -0.00211283193156 -7.59768302559e-06 2.33039994266e-05
0.1 4.44065628916e-16 -8.50084983196e-14 3.01585805616e-12
-3.12358594275 0.012710826814 4.57077705872e-05 -0.000140197352812
0.015660
4
-3.65978782878 -0.999916964618 5.11132374097e-07 -1.8227660262e-06
-0.00302620423102 -0.00211305265854 -6.50333169106e-06 2.32057908332e-05
0.1 -3.75797043693e-19 5.66156164114e-14 -4.21521714362e-12
-3.12338696609 0.0127121547106 3.91241298422e-05 -0.000139606052541
0.015665
4
-3.67544643522 -0.999916949951 4.25499335353e-07 -1.81748728443e-06
-0.00305929594462 -0.00211323926922 -5.41313011996e-06 2.31242020711e-05
0.1 -1.32831227216e-15 -1.41414107529e-13 9.62518949234e-12
-3.12318788587 0.0127132773632 3.2565476491e-05 -0.000139116014654
0.015670
4
-3.69111057234 -0.999916937957 3.40084130973e-07 -1.81201697763e-06
-0.00309240200338 -0.00211339184288 -4.32637784227e-06 2.30590979913e-05
0.1 1.32729625336e-15 3.10934326885e-13 -1.3826686373e-11
-3.12298871935 0.0127141952484 2.60275364867e-05 -0.000138723340455
0.015673
4
-3.706779134 -0.999916928634 2.54901955914e-07 -1.80894235127e-06
-0.00312551953827 -0.00211351044427 -3.24237910162e-06 2.30103655001e-05
0.1 8.86687860978e-16 -3.39052529558e-13 1.08151608397e-11
-3.1227894838 0.012714908756 1.95062091386e-05 -0.000138430905834
0.015675
4
-3.72245101407 -0.999916921977 1.69846307188e-07 -1.8064686981e-06
-0.00315864568026 -0.00211359512367 -2.1604421545e-06 2.29779236794e-05
0.1 -1.77118764587e-15 1.69471426808e-13 -2.40290715158e-12
-3.12259019646 0.0127154181886 1.29972507457e-05 -0.000138235654975
0.015677
4
-3.73812510641 -0.999916917984 8.48949778683e-08 -1.80508532795e-06
-0.00319177756032 -0.00211364591697 -1.07987808847e-06 2.29617160856e-05
0.1 1.77056274892e-15 5.64718730529e-14 -3.60232640272e-12
-3.1223908746 0.0127157237617 6.49655540473e-06 -0.000138137794531
0.015677
4
-3.75380030488 -0.999916916653 2.71243832099e-12 -1.80532883346e-06
-0.00322491230941 -0.00211366284568 1.77052109725e-15 2.29617160424e-05
0.1 8.85281372988e-16 -1.12943746481e-13 1.80105727031e-12
-3.12219153548 0.012715825605 3.61424217612e-12 -0.000138138044381
0.015675
4
-3.76947550336 -0.999916917984 -8.49010049348e-08 -1.80634693539e-06
-0.0032580470585 -0.00211364591697 1.07987808998e-06 2.29779234617e-05
0.1 -1.32800015947e-15 -2.82409185987e-14 3.00293457828e-12
-3.12199219636 0.0127157237618 -6.49655992658e-06 -0.000138235635377
0.015673
4
-3.7851495957 -0.999916921977 -1.69846608219e-07 -1.8087052012e-06
-0.00329117893856 -0.00211359512367 2.16044214577e-06 2.30103658738e-05
0.1 2.49965835749e-19 1.12975635307e-13 -6.60920375902e-12
-3.1217928745 0.0127154181885 -1.2997254346e-05 -0.000138430521594
0.015670
4
-3.80082147576 -0.999916928634 -2.54891106257e-07 -1.81245300276e-06
-0.00332430508055 -0.00211351044427 3.24237911046e-06 2.30590976881e-05
0.1 -1.32900031842e-15 -1.97786127165e-13 8.41634806441e-12
-3.12159358716 0.012714908756 -1.95061946721e-05 -0.000138723994868
0.015665
4
-3.81649003743 -0.999916937957 -3.40093778678e-07 -1.81733976496e-06
-0.00335742261544 -0.00211339184288 4.32637783686e-06 2.31242023182e-05
0.1 -1.32779660873e-15 1.97862944025e-13 -2.40381669117e-12
-3.1213943516 0.0127141952485 -2.60275527838e-05 -0.000139115494557
0.015660
4
-3.83215417454 -0.999916949951 -4.25502050186e-07 -1.82238688883e-06
-0.0033905286742 -0.00211323926922 5.41313012616e-06 2.32057904834e-05
0.1 3.10169005523e-15 8.48924183291e-14 -6.62717611336e-12
-3.12119518508 0.0127132773631 -3.25654683455e-05 -0.000139606399643
0.015653
4
-3.84781278099 -0.999916964618 -5.11117277163e-07 -1.83123241185e-06
-0.00342362038779 -0.00211305265854 6.50333168083e-06 2.33039998302e-05
0.1 8.84904236735e-16 -2.26450464261e-13 9.64942448666e-12
-3.12099610486 0.0127121547105 -3.91241380035e-05 -0.000140197024343
0.015646
4
-3.86346475062 -0.999916981966 -5.97111599298e-07 -1.83781069532e-06
-0.00345669488718 -0.00211283193156 7.5976830343e-06 2.34190003072e-05
0.1 8.88570090729e-16 2.2668465521e-13 -1.26860426292e-11
-3.12079712821 0.0127108268139 -4.57077633236e-05 -0.000140889149722
0.015637
4
-3.8791089773 -0.999917001999 -6.83372140986e-07 -1.84904022236e-06
-0.00348974930335 -0.00211257699439 8.69689072607e-06 2.35509851586e-05
0.1 -1.33419119952e-15 -3.6875475096e-13 1.3307896145e-11
-3.12059827237 0.0127092931084 -5.23206176312e-05 -0.000141683071385
0.015627
4
-3.8947443549 -0.999917024727 -7.70110665364e-07 -1.85891092233e-06
-0.00352278076724 -0.00211228773843 9.80166804546e-06 2.37001857242e-05
0.1 -3.10482187188e-15 2.55518999408e-13 -4.84325457604e-12
-3.12039955462 0.0127075529405 -5.89669741531e-05 -0.000142580711783
0.015616
4
-3.91036977728 -0.999917050157 -8.57256700231e-07 -1.87155493044e-06
-0.00355578640984 -0.00211196404026 1.09127364601e-05 2.38668534354e-05
0.1 1.33293916215e-15 2.84664671511e-14 -2.43113190625e-12
-3.1202009922 0.0127056055676 -6.56511802284e-05 -0.000143583210469
0.015603
4
-3.92598413831 -0.9999170783 -9.44933374881e-07 -1.88489287049e-06
-0.00358876336211 -0.00211160576147 1.20308261884e-05 2.40512811447e-05
0.1 4.43499103216e-16 -8.54246923902e-14 4.87255391965e-12
-3.12000260239 0.0127034501574 -7.23776183493e-05 -0.000144692882098
0.015590
4
-3.94158633185 -0.999917109165 -1.03316608003e-06 -1.89998186385e-06
-0.00362170875501 -0.00211121274858 1.31566777585e-05 2.42537855885e-05
0.1 1.33659765988e-15 1.4266180529e-13 -9.16056506124e-12
-3.11980440244 0.0127010857863 -7.91507589366e-05 -0.00014591120877
0.015576
4
-3.95717525176 -0.999917142765 -1.12202943985e-06 -1.91543299011e-06
-0.00365461971951 -0.0021107848328 1.42910427315e-05 2.4474722832e-05
0.1 -8.94702187072e-16 -2.85783647094e-13 1.28555114555e-11
-3.11960640961 0.0126985114389 -8.5975118944e-05 -0.000147240134967
0.015560
4
-3.97274979191 -0.999917179112 -1.21153281829e-06 -1.93390544435e-06
-0.00368749338659 -0.0021103218299 1.54346851304e-05 2.471447657e-05
0.1 -4.40845760028e-16 3.14922152979e-13 -9.81756430816e-12
-3.11940864117 0.0126957260069 -9.2855281074e-05 -0.0001486827562
0.015544
4
-3.98830884617 -0.999917218221 -1.30180951255e-06 -1.95160696233e-06
-0.0037203268872 -0.00210982354 1.6588382304e-05 2.49734729386e-05
0.1 2.22853586989e-15 -1.43371841701e-13 2.45763141584e-12
-3.11921111436 0.0126927282878 -9.97959449841e-05 -0.000150240652043
0.015526
4
-4.00385130839 -0.999917260105 -1.39281537677e-06 -1.97343163978e-06
-0.00375311735231 -0.00210928974733 1.77529264623e-05 2.52521683419e-05
0.1 -4.47184737949e-16 -2.87694267463e-14 6.16909377388e-13
-3.11901384646 0.0126895169835 -0.000106801853778 -0.000151917549077
0.015507
4
-4.01937607245 -0.999917304782 -1.48473416187e-06 -1.99350394636e-06
-0.00378586191289 -0.00210872022001 1.89291256214e-05 2.55510613554e-05
0.1 -8.94402608938e-16 -3.49323026208e-17 3.10724886021e-12
-3.11881685472 0.0126860906991 -0.00011387789141 -0.000153715428631
0.015487
4
-4.03488203221 -0.999917352269 -1.57747540485e-06 -2.01833860154e-06
-0.00381855769991 -0.00210811470982 2.0117805079e-05 2.58706855023e-05
0.1 1.34615677222e-15 1.44519645621e-13 -8.72245603551e-12
-3.1186201564 0.0126824479412 -0.000121028998356 -0.000155638488608
0.015466
4
-4.05036808153 -0.999917402583 -1.67125142628e-06 -2.04194732134e-06
-0.00385120184433 -0.00210747295187 2.13198085268e-05 2.62116237681e-05
0.1 -4.53832412815e-16 -2.60742991397e-13 8.12128589969e-12
-3.11842376877 0.0126785871163 -0.000128260271756 -0.000157689350099
0.015444
4
-4.06583311428 -0.999917455744 -1.76599559599e-06 -2.06921423725e-06
-0.00388379147711 -0.00210679466435 2.25359998088e-05 2.65744894559e-05
0.1 -2.69129722952e-15 1.16075980125e-13 1.89894765001e-12
-3.11822770908 0.012674506529 -0.000135576888786 -0.000159872766997
0.015421
4
-4.08127602432 -0.999917511774 -1.86186757496e-06 -2.09643366795e-06
-0.00391632372924 -0.00210607954821 2.37672637585e-05 2.69599567773e-05
0.1 2.25292758212e-15 2.04059073367e-13 -1.38883133692e-11
-3.11803199459 0.0126702043801 -0.000142984202287 -0.000162191112868
0.015397
4
-4.09669570551 -0.999917570693 -1.95885458884e-06 -2.12699905416e-06
-0.00394879573167 -0.0021053272868 2.50145084207e-05 2.73687265805e-05
0.1 -1.36166553387e-15 -4.38454001138e-13 2.02831363669e-11
-3.11783664256 0.0126656787649 -0.000150487626772 -0.000164651077824
0.015371
4
-4.11209105173 -0.999917632525 -2.05710034468e-06 -2.1574965538e-06
-0.00398120461537 -0.00210453754555 2.62786656493e-05 2.7801575742e-05
0.1 -4.38378035709e-16 4.98420916302e-13 -1.91006953896e-11
-3.11764167026 0.0126609276704 -0.000158092834475 -0.000167254369348
0.015345
4
-4.12746095683 -0.999917697294 -2.15659008808e-06 -2.19130883842e-06
-0.00401354751131 -0.00210370997157 2.75606939481e-05 2.82593029582e-05
0.1 1.34531851204e-15 -3.823792313e-13 1.72876786273e-11
-3.11744709494 0.0126559489735 -0.000165805520857 -0.00017000854757
0.015317
4
-4.14280431469 -0.999917765026 -2.25746449395e-06 -2.22575486419e-06
-0.00404582155045 -0.00210284419322 2.88615787646e-05 2.87427875018e-05
0.1 1.82192437427e-15 4.13439358871e-13 -2.18961949663e-11
-3.11725293386 0.0126507404387 -0.000173631670658 -0.000172916730511
0.015288
4
-4.15812001916 -0.999917835748 -2.35973991213e-06 -2.2634351968e-06
-0.00407802386377 -0.00210193981974 3.01823354476e-05 2.92529498879e-05
0.1 -9.23962087507e-16 -5.92710299751e-13 2.26472189443e-11
-3.11705920429 0.0126452997151 -0.000181577348418 -0.000175986505896
0.015258
4
-4.1734069641 -0.999917909487 -2.46355146567e-06 -2.30164307324e-06
-0.00411015158222 -0.00210099644075 3.15240103397e-05 2.9790777151e-05
0.1 -3.16696928774e-15 4.45995374369e-13 -1.10441133326e-11
-3.11686592348 0.0126396243338 -0.000189648899397 -0.000179221534239
0.015227
4
-4.18866404339 -0.999917986274 -2.56890916313e-06 -2.34236576569e-06
-0.00414220183677 -0.0021000136258 3.28876829797e-05 3.03573221338e-05
0.1 2.729559874e-15 -5.95488452119e-14 -1.32237331218e-12
-3.11667310869 0.012633711705 -0.00019785276402 -0.000182630186133
0.015195
4
-4.2038901509 -0.999918066139 -2.67591327356e-06 -2.38632099673e-06
-0.0041741717584 -0.00209899092383 3.42744682109e-05 3.09536971478e-05
0.1 -3.84850135793e-18 -1.19957591784e-13 5.27426235405e-12
-3.11648077719 0.0126275591155 -0.000206195688464 -0.000186217813701
0.015162
4
-4.21908418047 -0.999918149114 -2.78469567743e-06 -2.43051804783e-06
-0.00420605847806 -0.00209792786267 3.56855179352e-05 3.15810983904e-05
0.1 3.9983468697e-18 1.2047399236e-13 -4.64312319551e-12
-3.11628894624 0.0126211637245 -0.000214684580547 -0.00018999236532
0.015128
4
-4.23424502598 -0.999918235234 -2.89525084765e-06 -2.47812466664e-06
-0.00423785912674 -0.00209682394847 3.71220239144e-05 3.22407841607e-05
0.1 4.55065650529e-16 -9.07243057519e-14 1.32702640737e-12
-3.11609763308 0.012614522561 -0.000223326622234 -0.000193960882302
0.015092
4
-4.2493715813 -0.999918324533 -3.00771650793e-06 -2.5288261146e-06
-0.00426957083538 -0.00209567866507 3.85852195023e-05 3.29341026058e-05
0.1 -1.37878083493e-15 -3.04993690816e-14 2.02090452828e-12
-3.115906855 0.01260763252 -0.00023212922163 -0.00019813218091
0.015056
4
-4.26446274028 -0.999918417048 -3.12221460514e-06 -2.57968201545e-06
-0.00430119073496 -0.00209449147342 4.00763825602e-05 3.36624850488e-05
0.1 -9.18431132341e-16 6.10014746546e-14 2.05086145143e-12
-3.11571662923 0.0126004903582 -0.000241100086642 -0.000202514115262
0.015018
4
-4.27951739679 -0.999918512818 -3.23873278546e-06 -2.63578719186e-06
-0.00433271595645 -0.00209326181087 4.15968379804e-05 3.44274457534e-05
0.1 2.313096776e-15 1.5363407161e-13 -8.88502120894e-12
-3.11552697305 0.0125930926908 -0.000250247173786 -0.000207115669827
0.014980
4
-4.2945344447 -0.999918611882 -3.35748768424e-06 -2.69195026835e-06
-0.00436414363081 -0.00209198909053 4.31479601075e-05 3.52306090258e-05
0.1 9.15724382617e-16 -2.46678896574e-13 4.79282242193e-12
-3.11533790372 0.0125854359872 -0.000259578731539 -0.000211947919898
0.014940
4
-4.30951277787 -0.999918714281 -3.47846030781e-06 -2.75371140159e-06
-0.004395470889 -0.00209067270048 4.47311762813e-05 3.60736820528e-05
0.1 -3.24821348749e-15 -3.12959047319e-14 4.86980612519e-12
-3.11514943849 0.0125775165662 -0.000269103385925 -0.000217020074374
0.014899
4
-4.32445129017 -0.99991882006 -3.60187938843e-06 -2.81545309365e-06
-0.00442669486201 -0.00208931200301 4.63479690471e-05 3.6958503069e-05
0.1 -9.22562841933e-16 1.86964801311e-13 -4.17903263135e-12
-3.11496159463 0.0125693305909 -0.000278830047201 -0.00022234261556
0.014857
4
-4.33934887545 -0.999918929262 -3.72771995507e-06 -2.8822652535e-06
-0.00445781268079 -0.00208790633384 4.79998804141e-05 3.78870030971e-05
0.1 1.86562672459e-15 1.77162924968e-16 -4.25048917511e-12
-3.11477438939 0.0125608740652 -0.000288767957654 -0.000227928653429
0.014814
4
-4.35420442759 -0.999919041934 -3.85618328776e-06 -2.95188247381e-06
-0.00448882147631 -0.00208645500122 4.96885142682e-05 3.88612526752e-05
0.1 -9.43653752786e-16 -1.8926827564e-13 9.96822637425e-12
-3.11458784004 0.0125521428277 -0.000298926798656 -0.000233790246301
0.014769
4
-4.36901684045 -0.999919158125 -3.98736740635e-06 -3.0233426545e-06
-0.00451971837953 -0.00208495728505 5.14155407418e-05 3.98834481665e-05
0.1 1.12277920183e-17 2.53728016508e-13 -8.60267021135e-12
-3.11440196383 0.012543132546 -0.00030931663215 -0.000239938932574
0.014724
4
-4.3837850079 -0.999919277886 -4.12132591951e-06 -3.10089729079e-06
-0.00455050052143 -0.00208341243593 5.31826998193e-05 4.09559210605e-05
0.1 1.8764240306e-15 -1.27439797556e-13 2.88508029748e-12
-3.11421677803 0.0125338387117 -0.000319947865963 -0.000246391819635
0.014678
4
-4.39850782379 -0.999919401267 -4.25829878759e-06 -3.1789276981e-06
-0.00458116503297 -0.00208181967413 5.49918051996e-05 4.20811632616e-05
0.1 0.0 0.0 -7.35079413861e-13
-3.11403229989 0.0125242566342 -0.000330831488038 -0.000253160327528
0.014630
4
-4.413184182 -0.999919528324 -4.3982753055e-06 -3.26394395623e-06
-0.00461170904511 -0.0020801781886 5.68447491047e-05 4.3261815212e-05
0.1 -4.75074889764e-16 -3.23674730945e-14 2.21973825618e-12
-3.11384854668 0.0125143814341 -0.000341978800744 -0.000260264392947
0.014581
4
-4.42781297638 -0.999919659114 -4.54152951913e-06 -3.3496660408e-06
-0.00464212968883 -0.00207848713581 5.87435063755e-05 4.45006990548e-05
0.1 3.16672457081e-18 6.50566440546e-14 -4.48436450243e-12
-3.11366553566 0.0125042080365 -0.000353401782097 -0.000267716203224
0.014532
4
-4.44239310081 -0.999919793693 -4.68805692444e-06 -3.44291805022e-06
-0.00467242409509 -0.00207674563859 6.06901398272e-05 4.58008084626e-05
0.1 -9.59931245745e-16 -1.31106880014e-13 7.5460196533e-12
-3.11348328408 0.0124937311645 -0.000365112728842 -0.000275538774278
0.014481
4
-4.45692344914 -0.999919932123 -4.83814934812e-06 -3.53714717665e-06
-0.00470258939486 -0.00207495278493 6.26868049375e-05 4.71653492396e-05
0.1 1.00688115815e-17 1.97858364685e-13 -6.07806422839e-12
-3.11330180921 0.0124829453316 -0.00037712471456 -0.000283747001568
0.014429
4
-4.47140291524 -0.999920074467 -4.99180964844e-06 -3.63885962357e-06
-0.0047326227191 -0.00207310762667 6.47357560744e-05 4.85977174523e-05
0.1 1.91679392047e-15 -6.61841328629e-14 -3.8882094853e-12
-3.11312112831 0.0124718448334 -0.000389451215918 -0.000292364968009
0.014376
4
-4.48583039298 -0.99992022079 -5.14932092481e-06 -3.74354146989e-06
-0.00476252119879 -0.00207120917814 6.68393515126e-05 5.01015540077e-05
0.1 -2.42150368258e-15 -2.34488739844e-13 1.55986733484e-11
-3.11294125863 0.0124604237401 -0.000402106493681 -0.000301411294623
0.014321
4
-4.50020477622 -0.999920371159 -5.31076709208e-06 -3.85387586831e-06
-0.00479228196488 -0.00206925641472 6.90000605455e-05 5.1680730585e-05
0.1 5.07367539321e-16 4.3822880499e-13 -1.8891019192e-11
-3.11276221744 0.0124486758878 -0.000415105334132 -0.000310912315316
0.014266
4
-4.51452495883 -0.999920525645 -5.47634488265e-06 -3.96967784507e-06
-0.00482190214835 -0.00206724827137 7.1220469681e-05 5.33393815553e-05
0.1 1.43574020821e-15 -3.73404295379e-13 1.27191615985e-11
-3.112584022 0.0124365948689 -0.000428463360179 -0.00032089020642
0.014210
4
-4.52878983467 -0.99992068432 -5.64623925619e-06 -4.09045090434e-06
-0.00485137888016 -0.00206518364099 7.35032898917e-05 5.50819214742e-05
0.1 -1.4524644065e-15 1.70950706741e-13 -2.38472398943e-12
-3.11240668956 0.0124241740233 -0.000442196827408 -0.000331373856654
0.014152
4
-4.5429982976 -0.999920847259 -5.82061013253e-06 -4.21808642382e-06
-0.00488070929128 -0.00206306137277 7.58513642587e-05 5.69130688339e-05
0.1 1.96129796093e-15 6.92928647097e-14 -6.54882148162e-12
-3.11223023739 0.0124114064276 -0.000456322886156 -0.000342389642569
0.014093
4
-4.55714924149 -0.99992101454 -5.99969400552e-06 -4.35078279256e-06
-0.00490989051267 -0.00206088027041 7.82676762463e-05 5.88378585828e-05
0.1 -1.22393465232e-17 -2.08745135611e-13 5.75816420891e-12
-3.11205468275 0.012398284885 -0.000470859445416 -0.000353969327935
0.014034
4
-4.5712415602 -0.999921186246 -6.18364637267e-06 -4.49132266897e-06
-0.00493891967531 -0.0020586390903 8.07553580911e-05 6.08616820844e-05
0.1 -2.46496710165e-15 3.47117288516e-14 5.06468106342e-12
-3.1118800429 0.0123848019138 -0.00048582537198 -0.000366145279217
0.013973
4
-4.5852741476 -0.999921362458 -6.37273589265e-06 -4.63699151681e-06
-0.00496779391015 -0.0020563365395 8.33177004341e-05 6.29903051686e-05
0.1 1.50168383859e-15 2.4794025455e-13 -1.44312006008e-11
-3.11170633509 0.0123709497354 -0.000501240482449 -0.000378949718942
0.013911
4
-4.59924589755 -0.999921543264 -6.56711181845e-06 -4.79187845512e-06
-0.00499651034818 -0.00205397127369 8.59581622161e-05 6.52298909179e-05
0.1 -2.21164661164e-17 -3.56994640639e-13 1.89160860984e-11
-3.11153357659 0.0123567202628 -0.000517125502334 -0.000392424701933
0.013848
4
-4.61315570393 -0.999921728755 -6.76708979402e-06 -4.95305643093e-06
-0.00502506612034 -0.00205154189499 8.86803809983e-05 6.75870570015e-05
0.1 1.02718059154e-15 4.32424506591e-13 -2.09059391533e-11
-3.11136178466 0.0123421050863 -0.000533502440562 -0.000406604202927
0.013784
4
-4.62700246058 -0.999921919024 -6.97285718149e-06 -5.1225361662e-06
-0.00505345835762 -0.00204904694965 9.14881850966e-05 7.00688780438e-05
0.1 9.76535721261e-16 -4.36081746499e-13 1.14143505079e-11
-3.11119097656 0.0123270954597 -0.00055039420946 -0.000421535505025
0.013718
4
-4.64078506138 -0.999922114167 -7.1846793134e-06 -5.30191243212e-06
-0.00508168419097 -0.0020464849256 9.43856051726e-05 7.26829483051e-05
0.1 -4.53925539603e-15 3.59133708632e-14 8.13450462946e-12
-3.11102116955 0.0123116822869 -0.000567825135559 -0.000437261920888
0.013652
4
-4.65450240019 -0.999922314285 -7.40288067402e-06 -5.48795600979e-06
-0.00510974075136 -0.00204385424989 9.73768877365e-05 7.54374176002e-05
0.1 1.03870402269e-15 3.7069068015e-13 -1.54345912419e-11
-3.11085238089 0.0122958561044 -0.000585820745125 -0.000453832051495
0.013585
4
-4.66815337088 -0.999922519482 -7.627645892e-06 -5.68575863096e-06
-0.00513762516977 -0.00204115328592 0.00010046650937 7.83410272219e-05
0.1 2.53006348758e-15 -2.61449821466e-13 5.48098198159e-12
-3.11068462783 0.012279607067 -0.000604407931283 -0.000471301146784
0.013516
4
-4.68173686731 -0.999922729866 -7.85936126734e-06 -5.89257516974e-06
-0.00516533457715 -0.00203838033063 0.000103659191597 8.14031762492e-05
0.1 -1.53891144646e-15 -3.80798405133e-14 1.13142261126e-11
-3.11051792764 0.0122629249288 -0.000623615169791 -0.00048972269804
0.013446
4
-4.69525178334 -0.999922945549 -8.09829267988e-06 -6.11032136437e-06
-0.00519286610448 -0.00203553361139 0.000106959917566 8.46339654278e-05
0.1 3.63240483057e-15 4.20688006994e-13 -3.1481186991e-11
-3.11035229758 0.0122457990254 -0.000643472385461 -0.000509158530864
0.013375
4
-4.70869701285 -0.999923166647 -8.34477566462e-06 -6.34035572413e-06
-0.00522021688271 -0.00203261128282 0.000110373949523 8.80442548171e-05
0.1 -2.12981754351e-15 -8.49225058129e-13 4.3508260086e-11
-3.11018775491 0.0122282182554 -0.000664011225713 -0.000529676308436
0.013304
4
-4.72207144968 -0.99992339328 -8.59919124501e-06 -6.58099467966e-06
-0.00524738404283 -0.00202961142331 0.000113906847544 9.16457471075e-05
0.1 -1.49609808315e-15 8.96604312204e-13 -3.72686531938e-11
-3.1100243169 0.0122101710582 -0.000685265223327 -0.000551341561489
0.013231
4
-4.73537398772 -0.999923625574 -8.86184313168e-06 -6.83546849474e-06
-0.00527436471579 -0.00202653203149 0.000117564490432 9.54510381491e-05
0.1 2.57202041111e-15 -5.90812492015e-13 1.9892744514e-11
-3.10986200078 0.0121916453932 -0.000707269632747 -0.000574234935144
0.013156
4
-4.74860352082 -0.999923863657 -9.13315399086e-06 -7.10342910329e-06
-0.00530115603256 -0.0020233710223 0.000121353097341 9.94737079027e-05
0.1 -2.61500839946e-15 1.98762883794e-13 -2.98693901432e-12
-3.10970082384 0.0121726287173 -0.000730061951042 -0.000598435374218
0.013081
4
-4.76175894285 -0.999924107665 -9.41352112604e-06 -7.38619110151e-06
-0.00532775512411 -0.00202012622302 0.000125279251612 0.000103728412651
0.1 1.06396764885e-15 8.08705923057e-14 -5.17587698215e-12
-3.10954080333 0.0121531079588 -0.000753681756212 -0.000624031189155
0.013005
4
-4.77483914767 -0.999924357737 -9.70338176553e-06 -7.68328707295e-06
-0.0053541591214 -0.00201679536884 0.000129349926688 0.00010823096985
0.1 5.22683477e-16 -1.22249390827e-13 2.06601774748e-12
-3.10938195651 0.012133069493 -0.000778170979015 -0.000651119731526
0.012927
4
-4.78784302914 -0.999924614018 -1.00031420652e-05 -7.99880331747e-06
-0.0053803651554 -0.00201337609838 0.000133572513668 0.000112998471355
0.1 -1.60873491277e-15 -4.16445542155e-14 8.62397762936e-12
-3.10922430064 0.0121124991135 -0.000803574148779 -0.000679799676877
0.012849
4
-4.80076948114 -0.999924876658 -1.03133538517e-05 -8.32860022722e-06
-0.00540637035709 -0.00200986594877 0.00013795485141 0.000118049404108
0.1 1.63822518603e-15 2.92812914097e-13 -2.51720166297e-11
-3.10906785298 0.0120913820037 -0.0008299383265 -0.000710187219679
0.012769
4
-4.81361739753 -0.999925145813 -1.06343934043e-05 -8.68172967212e-06
-0.00543217185742 -0.00200626235049 0.000142505259263 0.000123403761547
0.1 -3.30436409756e-15 -6.77483742671e-13 4.34029355208e-11
-3.10891263079 0.0120697027056 -0.000857313657411 -0.000742399098628
0.012688
4
-4.82638567216 -0.999925421646 -1.09669703798e-05 -9.0486033911e-06
-0.00545776678736 -0.00200256262186 0.000147232571829 0.000129083221784
0.1 6.24709015985e-16 9.85182289018e-13 -4.75158728035e-11
-3.10875865133 0.0120474450856 -0.000885753249076 -0.000776565797296
0.012607
4
-4.83907319892 -0.999925704324 -1.13114092118e-05 -9.4435587834e-06
-0.00548315227788 -0.00199876396319 0.000152146178076 0.000135111256168
0.1 2.67584124563e-15 -8.2352906944e-13 2.98831166336e-11
-3.10860593185 0.0120245923013 -0.000915313547462 -0.000812831875452
0.012524
4
-4.85167887165 -0.999925994024 -1.16685629297e-05 -9.85455946943e-06
-0.00550832545995 -0.00199486345059 0.000157256061815 0.000141513357476
0.1 -3.84031209317e-15 3.06645100295e-13 -2.21410954327e-12
-3.10845448964 0.0120011267623 -0.000946054704793 -0.000851345924831
0.012440
4
-4.86420158423 -0.999926290926 -1.20388077228e-05 -1.02946488817e-05
-0.00553328346453 -0.00199085802924 0.000162572847809 0.00014831719343
0.1 2.79851932377e-15 2.23458984034e-13 -1.93009576129e-11
-3.10830434193 0.0119770300907 -0.000978040548175 -0.000892278639286
0.012354
4
-4.87664023051 -0.99992659522 -1.24229904706e-05 -1.07583131197e-05
-0.00555802342259 -0.00198674450642 0.000168107850273 0.000155552841681
0.1 -6.02063260691e-16 -4.96827352821e-13 2.32697659936e-11
-3.10815550599 0.0119522830792 -0.0010113392127 -0.000935807651753
0.012268
4
-4.88899370437 -0.999926907103 -1.28217272977e-05 -1.12494689317e-05
-0.0055825424651 -0.00198251954389 0.000173873126468 0.000163253024026
0.1 -2.22300957036e-15 3.65623159234e-13 -8.65000801859e-12
-3.10800799908 0.0119268656449 -0.00104602317938 -0.000982133254362
0.012181
4
-4.90126089967 -0.999927226779 -1.32357557916e-05 -1.17711900136e-05
-0.00560683772302 -0.00197817964985 0.000179881534872 0.000171453382157
0.1 2.842350925e-15 4.72659270801e-14 -6.44101410711e-12
-3.10786183847 0.0119007567808 -0.00108216987703 -0.00103146522564
0.012092
4
-4.91344071028 -0.99992755446 -1.36658996193e-05 -1.23236715705e-05
-0.00563090632732 -0.00197372117033 0.00018614679896 0.000180192752237
0.1 1.12686773501e-15 -1.88102158798e-13 7.82111266408e-12
-3.1077170414 0.0118739345048 -0.00111986176712 -0.00108404255497
0.012003
4
-4.92553203005 -0.999927890367 -1.41129602932e-05 -1.29112868504e-05
-0.00565474540896 -0.00196914028003 0.000192683575991 0.000189513526454
0.1 8.56849876071e-18 9.56210708356e-14 -8.05733261179e-12
-3.10757362515 0.011846375804 -0.00115918712503 -0.00114011579128
0.011912
4
-4.93753375285 -0.999928234731 -1.45778667953e-05 -1.35340705995e-05
-0.00567835209893 -0.00196443297242 0.000199507533331 0.00019946199579
0.1 -1.17829940689e-15 -1.94505418007e-13 9.56426167992e-12
-3.10743160697 0.0118180565748 -0.00120024013938 -0.0011999665518
0.011820
4
-4.94944477255 -0.999928587792 -1.50615151641e-05 -1.41966140103e-05
-0.00570172352817 -0.00195959504922 0.000206635430899 0.000210088782448
0.1 -1.74084997119e-15 1.47279378118e-13 -5.57067953509e-12
-3.10729100412 0.0117889515603 -0.00124312168497 -0.00126389667963
0.011727
4
-4.96126398301 -0.999928949798 -1.55649293299e-05 -1.49025279307e-05
-0.00572485682766 -0.00195462210916 0.00021408521217 0.000221449288318
0.1 -5.94049764886e-16 -5.02577944059e-14 1.59329627008e-11
-3.10715183386 0.0117590342825 -0.00128793966003 -0.00133224275875
0.011633
4
-4.9729902781 -0.99992932101 -1.60892208044e-05 -1.56489507821e-05
-0.00574774912836 -0.00194950953582 0.000221876103381 0.000233604237238
0.1 4.80075663224e-15 5.10285795617e-13 -3.97988778515e-11
-3.10701411346 0.0117282769688 -0.00133480979667 -0.00140536523622
0.011538
4
-4.98462255168 -0.999929701698 -1.66353579315e-05 -1.64518934539e-05
-0.00577039756125 -0.00194425248468 0.000230028723247 0.000246620211106
0.1 5.15350385338e-16 -8.78666417079e-13 3.59575462582e-11
-3.10687786016 0.0116966504748 -0.00138385603264 -0.00148367178137
0.011442
4
-4.99615969761 -0.999930092145 -1.72048215403e-05 -1.72988791862e-05
-0.00579279925728 -0.00193884586916 0.000238565201787 0.000260570381543
0.1 -5.40019601145e-15 3.65963212477e-13 -1.06749791122e-11
-3.10674309124 0.0116641241993 -0.00143521164646 -0.00156759417573
0.011344
4
-5.00760060977 -0.999930492644 -1.77986078038e-05 -1.82101439112e-05
-0.00581495134743 -0.00193328434564 0.000247509313805 0.000275535158091
0.1 -1.21817801748e-15 -4.56825004483e-16 9.63044010583e-12
-3.10660982395 0.0116306659951 -0.00148901951911 -0.00165762464749
0.011246
4
-5.018944182 -0.999930903502 -1.8418355003e-05 -1.91740003055e-05
-0.00583685096266 -0.00192756229734 0.000256886622592 0.000291603089951
0.1 2.48961031792e-15 3.27296668417e-13 -2.44613550603e-11
-3.10647807556 0.0115962420715 -0.00154543358358 -0.00175428691913
0.011146
4
-5.03018930819 -0.999931325039 -1.90652417239e-05 -2.02123677277e-05
-0.00585849523394 -0.00192167381697 0.000266724640933 0.000308871781592
0.1 5.70198341698e-16 -4.97973255034e-13 3.00690745409e-11
-3.10634786332 0.0115608168901 -0.00160461919402 -0.00185817827104
0.011046
4
-5.04133488219 -0.999931757588 -1.97411233155e-05 -2.13153988768e-05
-0.00587988129223 -0.001915612688 0.000277053007908 0.000327448931921
0.1 6.76463187996e-16 5.07506866438e-13 -2.91579305686e-11
-3.10621920449 0.0115243530525 -0.00166675483811 -0.00196993634186
0.010944
4
-5.05237979787 -0.999932201497 -2.0447451711e-05 -2.24977131244e-05
-0.00590100626851 -0.0019093723645 0.000287903683518 0.000347453589304
0.1 1.21557299328e-15 -4.58699510211e-13 2.46598737877e-11
-3.10609211633 0.0114868111779 -0.00173203262079 -0.00209028640423
0.010841
4
-5.0633229491 -0.99993265713 -2.1186089253e-05 -2.37661215738e-05
-0.00592186729373 -0.00190294594936 0.000299311165857 0.000369017458162
0.1 3.61047088713e-17 3.5092538178e-13 -2.5471669881e-11
-3.10596661611 0.0114481497735 -0.00180066021876 -0.00222001396194
0.010737
4
-5.07416322973 -0.999933124867 -2.19590354078e-05 -2.51181702082e-05
-0.00594246149888 -0.00189632617072 0.000311312729699 0.000392286509309
0.1 -1.33598728114e-15 -4.77490362442e-13 2.42131059748e-11
-3.10584272108 0.0114083250914 -0.00187286178729 -0.0023600011135
0.010632
4
-5.08489953363 -0.999933605103 -2.27681182487e-05 -2.65749857324e-05
-0.0059627860149 -0.00188950535651 0.000323948693257 0.000417422690718
0.1 -3.21551283758e-15 3.02439401837e-13 2.24076300864e-12
-3.1057204485 0.0113672909766 -0.00194887992036 -0.00251122122902
0.010526
4
-5.09553075467 -0.999934098253 -2.36157479616e-05 -2.81346192008e-05
-0.00598283797277 -0.00188247540687 0.000337262712653 0.000444605994699
0.1 3.97538570193e-15 3.73910270148e-13 -3.38739276611e-11
-3.10559981564 0.0113249987 -0.00202897726268 -0.00267475552622
0.010418
4
-5.10605578671 -0.99993460475 -2.45041595915e-05 -2.98086481095e-05
-0.00600261450346 -0.00187522776422 0.00035130211136 0.000474036714579
0.1 5.87974312199e-16 -6.95732473904e-13 2.83847679443e-11
-3.10548083975 0.0112813967793 -0.00211343847041 -0.00285181148674
0.010310
4
-5.11647352362 -0.999935125045 -2.54358362385e-05 -3.16138201402e-05
-0.00602211273794 -0.00186775338083 0.000366118245764 0.000505938127386
0.1 -4.66594956702e-15 1.91440447445e-13 8.77761228599e-12
-3.1053635381 0.0112364307831 -0.00220257254164 -0.00304373214808
0.010200
4
-5.12678285925 -0.999935659614 -2.64136518623e-05 -3.35469803827e-05
-0.00604132980716 -0.00186004268351 0.000381766914715 0.000540559466015
0.1 2.08063194866e-15 4.62932041794e-13 -3.05143066138e-11
-3.10524792794 0.0111900431186 -0.00229671519305 -0.00325201138343
0.010090
4
-5.13698268749 -0.999936208949 -2.7440237946e-05 -3.56383211505e-05
-0.0060602628421 -0.00185208553526 0.000398308815621 0.000578179443473
0.1 1.99986657692e-15 -4.70849841531e-13 1.09251199135e-11
-3.10513402653 0.0111421728021 -0.00239623144137 -0.00347833710684
0.009978
4
-5.14707190218 -0.99993677357 -2.85189944785e-05 -3.78868914632e-05
-0.00607890897373 -0.00184387119348 0.000415810056743 0.000619110211658
0.1 -4.16504562148e-15 -1.40151197638e-13 3.53629850187e-11
-3.10502185114 0.0110927552059 -0.00250151919778 -0.00372457639966
0.009865
4
-5.1570493972 -0.999937354018 -2.96531146702e-05 -4.03133952958e-05
-0.00609726533301 -0.00183538826438 0.000434342730308 0.000663702009091
0.1 3.60059075802e-15 9.1841744705e-13 -7.49026420663e-11
-3.10491141902 0.011041721784 -0.00261301204233 -0.003992838323
0.009751
4
-5.1669140664 -0.999937950861 -3.08462239874e-05 -4.29363897492e-05
-0.0061153290509 -0.00182662465327 0.000453985557342 0.000712348481232
0.1 -1.47947782917e-16 -1.29839012968e-12 8.22034103203e-11
-3.10480274744 0.0109889997756 -0.00273118349801 -0.0042855009459
0.009636
4
-5.17666480366 -0.999938564694 -3.21022859079e-05 -4.57694845588e-05
-0.00613309725838 -0.00181756751011 0.000474824612666 0.000765492871849
0.1 -2.02020699005e-15 1.10638991923e-12 -7.23022114621e-11
-3.10469585365 0.0109345118743 -0.00285655162001 -0.0046052145548
0.009520
4
-5.18630050284 -0.999939196138 -3.34254297349e-05 -4.88385448382e-05
-0.0061505670864 -0.00180820317 0.000496954142368 0.000823635203819
0.1 -8.38749832801e-16 -9.83784914356e-13 8.33684273872e-11
-3.10459075492 0.0108781758714 -0.00298968314353 -0.00495500202423
0.009403
4
-5.1958200578 -0.999939845846 -3.48202777323e-05 -5.21550963876e-05
-0.00616773566595 -0.00179851708786 0.000520477486858 0.000887340674412
0.1 3.09749253684e-15 1.3972500729e-12 -9.16745290132e-11
-3.1044874685 0.0108199042641 -0.00313119994493 -0.0053382531083
0.009284
4
-5.20522236241 -0.9999405145 -3.62915000531e-05 -5.57615782137e-05
-0.00618460012798 -0.0017884937668 0.000545508126179 0.000957249364077
0.1 5.05789541208e-15 -1.18876016733e-12 3.36871776901e-11
-3.10438601166 0.0107596038227 -0.00328178459861 -0.00575882561482
0.009165
4
-5.21450631053 -0.999941202817 -3.78446547101e-05 -5.9671282493e-05
-0.00620115760347 -0.00177811667931 0.000572170863413 0.00103408772423
0.1 -8.30449051703e-15 -2.50454642536e-13 4.56046056811e-11
-3.10428640165 0.0106971751177 -0.00344218800018 -0.00622108804055
0.009044
4
-5.22367079602 -0.999941911548 -3.94853204081e-05 -6.39141376229e-05
-0.00621740522337 -0.00176736818048 0.000600603170999 0.00111868195324
0.1 -1.40330069845e-15 1.00344688409e-12 -5.5910351869e-11
-3.10418865574 0.0106325119964 -0.00361323721056 -0.00673000484393
0.008923
4
-5.23271471276 -0.999942641478 -4.12195229339e-05 -6.8542681164e-05
-0.00623334011866 -0.00175622941235 0.000630956722513 0.00121197373511
0.1 3.02721258396e-15 -5.13586389469e-13 2.57893673813e-11
-3.10409279118 0.0105655010095 -0.00379584456212 -0.00729125156232
0.008800
4
-5.2416369546 -0.999943393432 -4.30542906223e-05 -7.35649234042e-05
-0.0062489594203 -0.00174468019818 0.000663399139568 0.00131503890702
0.1 2.17044062575e-17 1.76749867784e-13 -1.35805823501e-11
-3.10399882524 0.0104960207737 -0.00399101861349 -0.00791129266676
0.008676
4
-5.25043641541 -0.999944168274 -4.49963947935e-05 -7.90577872799e-05
-0.00626426025925 -0.00173269892553 0.00069811599141 0.00142910935997
0.1 -2.25226575696e-17 -1.81775695869e-13 2.14101635882e-11
-3.10390677518 0.0104239412678 -0.00419987568526 -0.00859754253224
0.008551
4
-5.25911198906 -0.99994496691 -4.70541238325e-05 -8.50377101456e-05
-0.0062792397665 -0.00172026241659 0.000735313083956 0.00155559922585
0.1 1.65816666744e-15 3.75491549541e-13 -4.47311608067e-11
-3.10381665825 0.0103491230539 -0.00442365393079 -0.00935850694208
0.008425
4
-5.26766256941 -0.999945790288 -4.92356083146e-05 -9.15770480636e-05
-0.006293895073 -0.00170734578429 0.00077521909231 0.00169613583085
0.1 -1.73242399797e-15 -7.72003285374e-13 5.79460100992e-11
-3.10372849172 0.010271416411 -0.00466372904141 -0.0102039759406
0.008298
4
-5.27608705032 -0.999946639402 -5.15502000929e-05 -9.87309979369e-05
-0.00630822330971 -0.0016939222721 0.000818088589985 0.00185259686209
0.1 -2.40163863258e-15 6.92570659717e-13 -3.59821935508e-11
-3.10364229285 0.0101906603718 -0.00492163251523 -0.0111452514744
0.008169
4
-5.28438432566 -0.999947515293 -5.40079249942e-05 -0.000106554940888
-0.00632222160762 -0.00167996307562 0.000864205549553 0.00202715462596
0.1 1.65952348856e-15 -2.03139248419e-13 1.26338389594e-11
-3.10355807889 0.010106681648 -0.00519907285972 -0.0121953875315
0.008040
4
-5.2925532893 -0.99994841905 -5.66193911968e-05 -0.000115140523986
-0.00633588709767 -0.00166543714316 0.000913887392076 0.00222232952784
0.1 8.69982525242e-16 1.06492976769e-13 4.78126546949e-12
-3.10347586711 0.0100192934327 -0.00549795944444 -0.0133695702366
0.007909
4
-5.30059283509 -0.999949351814 -5.93965657065e-05 -0.000124545796484
-0.00634921691085 -0.00165031095272 0.000967489692145 0.00244105425781
0.1 3.50957636807e-15 2.21816479964e-13 -5.70462239049e-11
-3.10339567476 0.00992829405676 -0.00582043174507 -0.0146854118335
0.007778
4
-5.3085018569 -0.999950314773 -6.23518202372e-05 -0.000134899043196
-0.00636220817811 -0.00163454826169 0.00102541165225 0.00268675173864
0.1 -3.68779241877e-15 -1.13179091921e-12 1.33659997766e-10
-3.10331751911 0.00983346548438 -0.00616889095512 -0.0161635413924
0.007645
4
-5.3162792486 -0.999951309171 -6.54994631737e-05 -0.000146246951843
-0.00637485803043 -0.00161810982563 0.00108810249817 0.00296342969114
0.1 2.96337167557e-15 1.98694097013e-12 -1.97328028591e-10
-3.10324141742 0.00973457162041 -0.00654604008595 -0.0178280305164
0.007511
4
-5.32392390406 -0.999952336304 -6.88536474572e-05 -0.000158769175293
-0.00638716359877 -0.00160095308134 0.00115606896975 0.00327579596817
0.1 -1.25553842515e-15 -2.53879145613e-12 2.18124123653e-10
-3.10316738695 0.00963135640386 -0.00695492723889 -0.0197072393259
0.007376
4
-5.33143471713 -0.999953397518 -7.24312728882e-05 -0.000172529088938
-0.0063991220141 -0.00158303178891 0.00122988412273 0.00362939994263
0.1 -2.47597291679e-15 2.37630878587e-12 -1.83556899879e-10
-3.10309544495 0.00952354165485 -0.00739900034349 -0.0218345174604
0.007240
4
-5.33881058168 -0.999954494215 -7.6249102306e-05 -0.000187717457096
-0.00641073040738 -0.0015642956264 0.00131019770901 0.0040308063261
0.1 2.61919916796e-15 -1.68555079103e-12 1.33454253502e-10
-3.1030256087 0.0094108246359 -0.00788216792756 -0.024249391221
0.007103
4
-5.34605039157 -0.999955627843 -8.03264016663e-05 -0.000204443310532
-0.00642198590958 -0.00154468972978 0.00139774845846 0.00448780997609
0.1 -8.01192995586e-16 1.21312976245e-12 -1.16240794419e-10
-3.10295789543 0.00929287528427 -0.00840887454741 -0.0269987250279
0.006965
4
-5.35315304068 -0.999956799897 -8.46828597316e-05 -0.000222922325069
-0.00643288565167 -0.00152415416902 0.00149337866478 0.00500970252503
0.1 -1.16132492407e-15 -1.26383143058e-12 1.30354136316e-10
-3.10289232243 0.00916933306007 -0.00898418715164 -0.0301384458008
0.006825
4
-5.36011742286 -0.999958011915 -8.93406069546e-05 -0.000243280475593
-0.00644342676461 -0.00150262335016 0.00159805157278 0.0056076052612
0.1 2.03482158397e-16 1.4597926669e-12 -1.60581767596e-10
-3.10282890695 0.00903980334885 -0.00961390094181 -0.0337354275494
0.006685
4
-5.36694243198 -0.999959265466 -9.43219874132e-05 -0.000265786740503
-0.00645360637937 -0.00148002533044 0.00171287219371 0.0062948859489
0.1 -2.31141092769e-15 -1.82825943498e-12 2.01917800485e-10
-3.10276766624 0.00890385334227 -0.0103046633186 -0.0378701267253
0.006543
4
-5.3736269619 -0.999960562144 -9.96521793729e-05 -0.000290563933985
-0.00646342162693 -0.00145628103174 0.00183911231543 0.00708768511229
0.1 3.14512835041e-16 2.22107965026e-12 -1.63051715821e-10
-3.10270861757 0.00876100730528 -0.0110641257531 -0.0426396138769
0.006400
4
-5.3801699065 -0.999961903552 -0.000105355831685 -0.000317907206532
-0.00647286963824 -0.00143130333398 0.00197824070284 0.00800558248601
0.1 8.43802551976e-15 -9.79559476299e-13 -3.09235731637e-11
-3.1026517782 0.00861074112162 -0.0119011240995 -0.0481616930685
0.006257
4
-5.38657015962 -0.999963291281 -0.000111460119817 -0.000347977185927
-0.00648194754427 -0.00140499602677 0.00213195971632 0.00907244726036
0.1 -7.90177435833e-15 -1.5733377764e-12 2.6785519666e-10
-3.10259716539 0.00845247598923 -0.0128258997743 -0.0545799791318
0.006112
4
-5.39282661515 -0.999964726887 -0.000117991666299 -0.000380999006074
-0.00649065247599 -0.00137725259261 0.00230224993469 0.0103175291728
0.1 3.8669032652e-15 3.45431558148e-12 -4.69285258013e-10
-3.1025447964 0.00828557109637 -0.0138503682885 -0.0620703900537
0.005966
4
-5.39893816693 -0.999966211856 -0.000124977393038 -0.000417127964602
-0.00649898156437 -0.00134795478928 0.00249142480988 0.0117768672729
0.1 -6.49772666063e-15 -5.15016506758e-12 6.4519962427e-10
-3.10249468849 0.008109315097 -0.0149884468047 -0.0708498167305
0.005819
4
-5.40490370884 -0.999967747558 -0.000132442822671 -0.000456459404667
-0.00650693194036 -0.00131697099167 0.00270219795718 0.013495122313
0.1 9.41236286618e-16 6.39711251416e-12 -6.54403834742e-10
-3.10244685891 0.0079229161316 -0.0162564613379 -0.0811868289371
0.005670
4
-5.41072213475 -0.999969335186 -0.000140410699064 -0.000499003067104
-0.00651450073495 -0.00128415424388 0.0029377664774 0.0155279764088
0.1 8.91892691485e-15 -5.02604760228e-12 4.51124551312e-10
-3.10240132494 0.00772549011214 -0.0176736445771 -0.0934165378507
0.005521
4
-5.41639233851 -0.999970975682 -0.000148899299673 -0.000544519197824
-0.0065216850791 -0.00124933996109 0.00320191473357 0.0179453009355
0.1 -4.56500316075e-15 2.64808587182e-12 -2.29942220066e-10
-3.10235810382 0.00751604689448 -0.019262764429 -0.107959179931
0.005371
4
-5.42191321399 -0.999972669631 -0.000157918221941 -0.000592558256991
-0.00652848210377 -0.0012123432051 0.00349914442697 0.0208353705402
0.1 3.64817822495e-15 -1.16046856901e-12 5.60002361882e-11
-3.10231721282 0.0072934738864 -0.0210509023971 -0.125345887147
0.005219
4
-5.42728365506 -0.999974417131 -0.0001674653722 -0.000642061483898
-0.00653488893992 -0.00117295543854 0.0038348386999 0.0243105197076
0.1 -3.97093580262e-15 -2.58206786095e-13 1.00549774195e-10
-3.10227866921 0.007056516525 -0.0230704439439 -0.146252426017
0.005066
4
-5.43250255557 -0.99997621761 -0.000177518185447 -0.000691431884492
-0.00654090271854 -0.00113094063751 0.00421547064976 0.0285148015024
0.1 1.55029158528e-15 1.31610989123e-12 -1.59402144246e-10
-3.10224249023 0.00680375488727 -0.0253603310692 -0.17154545295
0.004913
4
-5.4375688094 -0.999978069599 -0.000188027334041 -0.00073775448786
-0.00654652057058 -0.00108603060972 0.00464887022656 0.033634461595
0.1 2.61143872917e-15 -1.10666067767e-12 3.35082147716e-11
-3.10220869315 0.00653357552436 -0.027967669111 -0.202345399036
0.004758
4
-5.44248131041 -0.99997997042 -0.00019890022125 -0.000776486791703
-0.00655173962701 -0.00103791932174 0.00514456861034 0.0399124068196
0.1 -5.83570335792e-15 -6.12822895885e-13 1.08444327554e-10
-3.10217729523 0.00624413733451 -0.0309497976337 -0.240113599198
0.004602
4
-5.44723895246 -0.999981915778 -0.000209983171196 -0.00080036777658
-0.00655655701879 -0.000986255982244 0.00571424630703 0.0476684158379
0.1 -4.30275425604e-15 9.35024494495e-13 -1.77232756207e-11
-3.10214831374 0.00593332995267 -0.0343769866466 -0.286773866422
0.004445
4
-5.45184062943 -0.999983899207 -0.000221032462024 -0.000798073216795
-0.0065609698769 -0.000930636550413 0.00637232151361 0.057327702005
0.1 3.17682175483e-15 6.90349943003e-13 -2.19823325134e-11
-3.10212176592 0.00559872266355 -0.038335976432 -0.344884273641
0.004286
4
-5.45628523516 -0.999985911339 -0.000231673985126 -0.000751553727211
-0.00656497533231 -0.00087059323508 0.00713673015738 0.0694617954959
0.1 8.01079042521e-15 3.97237112804e-13 -4.62560559993e-10
-3.10209766904 0.00523750122813 -0.0429346697452 -0.417883127006
0.004127
4
-5.46057166353 -0.9999879389 -0.000241338555214 -0.000633025627809
-0.00656857051597 -0.000805581406996 0.00802997087547 0.0848478506442
0.1 -1.40809004569e-14 -5.55103882535e-12 1.27130852736e-09
-3.10207604037 0.00484638915028 -0.0483084183185 -0.510445905913
0.003967
4
-5.46469880841 -0.999989963349 -0.00024917640728 -0.000397924911058
-0.00657175255885 -0.000734963149163 0.00908052060407 0.104555971732
0.1 5.06397968652e-15 1.01897585931e-11 -1.62407294841e-09
-3.10205689715 0.00442154871085 -0.0546285407948 -0.62901016435
0.003805
4
-5.46866556365 -0.999991958995 -0.000253911862277 2.3170372175e-05
-0.00657451859193 -0.000657986392331 0.010324775701 0.130079775841
0.1 9.23880040433e-15 -9.1373157989e-12 1.23512273005e-09
-3.10204025666 0.00395845545167 -0.0621139965753 -0.782561794997
0.003643
4
-5.47247082312 -0.999993890403 -0.000253647352571 0.000744622690665
-0.00657686574616 -0.00057375819004 0.0118097481047 0.163535239261
0.1 -6.64691727239e-15 4.96267136246e-12 -7.03520367483e-10
-3.10202613614 0.00345173739491 -0.0710476118299 -0.983830316785
0.003479
4
-5.47611348069 -0.999995708672 -0.000245510093856 0.00194207153117
-0.00657879115252 -0.000481210113993 0.0135968660203 0.207968271571
0.1 1.50266584623e-15 -2.72541995304e-12 4.32742439149e-10
-3.10201455287 0.00289496685882 -0.0817989385348 -1.25114005624
0.003314
4
-5.47959243021 -0.999997346397 -0.000225240917199 0.0039418556807
-0.00658029194197 -0.000379052937063 0.0157674068927 0.267844259791
0.1 -1.74792611659e-15 1.79106299063e-12 -5.19785800241e-10
-3.1020055241 0.00228038783606 -0.0948569430497 -1.61135486417
0.003148
4
-5.48290656557 -0.999998709471 -0.000186049310954 0.00714464595688
-0.00658136524548 -0.000265716460804 0.0184304284782 0.349828913044
0.1 -7.00351073076e-15 -3.37686857897e-12 1.38597184741e-09
-3.10199906709 0.00159855399044 -0.110877718662 -2.10457570655
0.002981
4
-5.48605478061 -0.999999668481 -0.000118570612985 0.012826441992
-0.00658200819402 -0.000139268716507 0.0217344409802 0.464130068183
0.1 1.29444932866e-14 9.71315383076e-12 -2.84674073092e-09
-3.10199519911 0.000837842570126 -0.130754704774 -2.79221302556
0.002813
4
-5.48903596921 -1.00000003346 -3.85647460379e-06 0.0208166950041
-0.00658221791855 2.69508061117e-06 0.0258854191628 0.626596837781
0.1 -5.04312895991e-15 -1.574686153e-11 3.62133328869e-09
-3.1019939374 -1.62136430241e-05 -0.155727047969 -3.76961548956
0.002644
4
-5.49184902522 -0.99999956097 0.00017181913389 0.04069000827
-0.00658199155004 0.000163204686404 0.0311733758118 0.86318671932
0.1 -7.66680810895e-15 1.48141823305e-11 -3.33512969374e-09
-3.10199529924 -0.000981841703847 -0.187539470392 -5.1929434972
0.002473
4
-5.49449284252 -0.999997799209 0.000494550357299 0.0493351650241
-0.00658132621945 0.000346138773344 0.0380197078181 1.21488966893
0.1 7.29734896827e-16 -1.16382695626e-11 3.38105391702e-09
-3.10199930187 -0.00208237576111 -0.228727100457 -7.30879347497
0.002302
4
-5.49696631497 -0.999994447173 0.000860639235433 0.173022133571
-0.00658021905776 0.000556519365117 0.0470347297753 1.76041147168
0.1 5.21263713474e-15 1.3450655037e-11 -4.19457456598e-09
-3.10200596257 -0.00334802837997 -0.282961600381 -10.5906602979
0.002129
4
-5.49926833643 -0.999987733983 0.00205555132723 -0.054969584243
-0.00657866719593 0.000801058443185 0.059192347478 2.60481627233
0.1 4.54464201171e-16 -1.55175917728e-11 4.76535624694e-09
-3.1020152986 -0.0048191789358 -0.356102000334 -15.6706115896
0.001956
4
-5.50139780077 -0.999979727215 0.00170437826224 1.45626810919
-0.00657666776492 0.00108859526712 0.0758332103603 4.09526343248
0.1 -8.05594378174e-16 1.49258758657e-11 -5.97091367679e-09
-3.1020273272 -0.00654900453914 -0.45621366714 -24.637162877
0.001781
4
-5.50335360185 -0.99995634783 0.0102491397919 -3.94002031432
-0.00657421789571 0.00143223110128 0.099862473386 6.26486346281
0.1 -1.09428633158e-14 -2.01089045846e-11 1.0648328558e-08
-3.10204206565 -0.00861632258352 -0.600774054216 -37.6895070585
0.001605
4
-5.50513463353 -0.999957335752 -0.0108038034535 21.7780630845
-0.00657131471926 0.00184758885652 0.133337888333 12.0476594478
0.1 1.87662731046e-14 3.67889382958e-11 -1.69571422846e-08
-3.1020595312 -0.0111151207192 -0.802162623245 -72.4788901411
0.001428
4
-5.50673978969 -0.999823659482 0.0940763143037 -87.1530762343
-0.00656795536654 0.00236881848976 0.191357737788 15.2527859776
0.1 5.78695350252e-15 -4.48742965257e-11 1.65192857991e-08
-3.10207974111 -0.0142508455724 -1.15121086061 -91.7609759551
0.001250
4
-5.50816796418 -1.00008834454 -0.279382721058 419.356676899
-0.00656413696851 0.00300883295252 0.256717343942 59.7700095235
0.1 -2.12975728922e-14 2.59123791253e-11 -3.71879808241e-09
-3.10210271265 -0.0181011816414 -1.54441517473 -359.577224188
0.001071
4
-5.50941805087 -0.998820137706 1.29365672354 -1917.68304086
-0.00655985665614 0.00393114370701 0.480919288882 -14.8038944177
0.1 2.60601046235e-14 1.19628788733e-11 -2.71764981597e-08
-3.10212846307 -0.0236498161991 -2.89321725225 89.0604395172
0.000891
4
-5.51048894363 -1.0026508705 -4.86949090306 9603.59199177
-0.0065551115604 0.00491057666529 0.433341777478 695.879346873
0.1 -4.18758415729e-14 -7.53783378783e-11 1.0391472811e-07
-3.10215700963 -0.0295420987423 -2.60699026649 -4186.4200062
0.000710
4
-5.51137953632 -0.988449323094 20.8055171159 -49848.8788552
-0.00654989881225 0.00734086134477 2.29376106919 -1914.66753827
0.1 7.13524729908e-14 2.02435575895e-10 -3.26146218157e-07
-3.1021883696 -0.0441627257858 -13.7992990737 11518.6670292
0.000528
4
-5.5120887228 -1.03429757127 -85.3775195769 293797.277838
-0.00654421554267 0.00770233280892 -1.7846699435 17575.9517865
0.1 -1.34452357046e-13 -4.92288089814e-10 1.05984504706e-06
-3.10222256023 -0.0463373432242 10.7365996646 -105737.174825
0.000345
4
-5.51261539694 -0.878730080752 380.006890134 -2058742.35964
-0.00653805888261 0.0205179667378 26.0562073018 -86461.0244879
0.1 2.32120580775e-13 1.18654081303e-09 -3.89973659733e-06
-3.10225959879 -0.123436378397 -156.754512073 520150.747563
0.000164
4
-5.5129584526 -1.35316573282 -1753.46159299 25104137.9927
-0.00653142596305 0.00756878533108 -63.5430909783 1713748.01283
0.1 -3.44130875108e-13 -2.85474443275e-09 2.13321317005e-05
-3.10229950252 -0.0455339197027 382.276135059 -10309932.3091
0.000054
4
-5.51311678365 0.100788773981 10610.1579291 -55741713.5598
-0.00652431391495 0.125262076489 780.466306735 -9068409.30015
0.1 4.43274434682e-13 7.65118729914e-09 -7.77503981149e-05
-3.10234228871 -0.753578425642 -4695.29635143 54555678.743
0.000220
4
-5.51308928395 0.758617699293 1603.09597389 -2824420.83784
-0.00651671986928 0.1304116851 -684.858657017 1177263.3545
0.1 5.90803477447e-13 -4.91216262569e-09 8.87570862328e-06
-3.10238797459 -0.784558543959 4120.11937701 -7082433.00869
0.000406
4
-5.51287484737 1.05386149741 -261.224988398 266140.693609
-0.00650864095701 1.69363656228e-05 92.2198578168 -99182.9747174
0.1 -2.81749805058e-13 9.46443648503e-10 -9.76383403591e-07
-3.10243657744 -0.000101889411057 -554.7959703 596686.180158
0.000594
4
-5.51247236777 0.973337430137 62.8195926062 -42469.5646029
-0.0065000743091 0.0258608992524 -28.5422287668 17961.2108527
0.1 4.00278182297e-15 -2.42370232703e-10 2.72157178599e-07
-3.10248811452 -0.155579536044 171.710452368 -108054.898791
0.000784
4
-5.51188073902 1.00300753981 -12.8868652756 7048.93819405
-0.00649101705651 0.0109662164367 3.47551536689 -2456.23169819
0.1 4.24538239161e-15 2.42778512557e-10 -1.61975435739e-07
-3.10254260308 -0.0659729133443 -20.9087496578 14776.7246745
0.000975
4
-5.51109885498 0.995799324614 3.69330562352 -1447.8575765
-0.00648146633023 0.0118863793287 -2.30191382923 695.347595441
0.1 8.62306069842e-14 -1.38212259683e-10 5.3139688212e-08
-3.10260006038 -0.0715086263316 13.8483461895 -4183.22097974
0.002528
4
-5.51012560951 0.99887197493 -0.542426318974 178.043977451
-0.00647141926121 0.00938059947045 -0.2676626232 -25.5181214786
0.1 -3.17296108133e-14 1.72488011476e-11 -3.75209275518e-09
-3.10266050369 -0.0564338192254 1.61026213074 153.51738009